     2    9.68142e-01
     3    9.66937e-01
     4    9.65716e-01
     5    9.64446e-01
     6    9.63165e-01
     7    9.61855e-01
     8    9.60527e-01
     9    9.59161e-01
    10    9.57816e-01
    11    9.56451e-01
    12    9.55072e-01
    13    9.53754e-01
    14    9.52378e-01
    15    9.50990e-01
    16    9.49672e-01
    17    9.48340e-01
    18    9.47004e-01
    19    9.45663e-01
    20    9.44350e-01
    21    9.43030e-01
    22    9.41749e-01
    23    9.40428e-01
    24    9.39144e-01
    25    9.37856e-01
    26    9.36567e-01
    27    9.35245e-01
    28    9.33998e-01
    29    9.32717e-01
    30    9.31440e-01
    31    9.30129e-01
    32    9.28894e-01
    33    9.27632e-01
    34    9.26377e-01
    35    9.25125e-01
    36    9.23882e-01
    37    9.22612e-01
    38    9.21381e-01
    39    9.20127e-01
    40    9.18922e-01
    41    9.17653e-01
    42    9.16430e-01
    43    9.15220e-01
    44    9.14023e-01
    45    9.12765e-01
    46    9.11557e-01
    47    9.10399e-01
    48    9.09185e-01
    49    9.07987e-01
    50    9.06798e-01
    51    9.05632e-01
    52    9.04440e-01
    53    9.03271e-01
    54    9.02082e-01
    55    9.00908e-01
    56    8.99756e-01
    57    8.98583e-01
    58    8.97432e-01
    59    8.96304e-01
    60    8.95120e-01
    61    8.94035e-01
    62    8.92895e-01
    63    8.91741e-01
    64    8.90645e-01
    65    8.89509e-01
    66    8.88435e-01
    67    8.87312e-01
    68    8.86220e-01
    69    8.85125e-01
    70    8.84065e-01
    71    8.82971e-01
    72    8.81912e-01
    73    8.80855e-01
    74    8.79803e-01
    75    8.78752e-01
    76    8.77712e-01
    77    8.76677e-01
    78    8.75649e-01
    79    8.74631e-01
    80    8.73626e-01
    81    8.72593e-01
    82    8.71616e-01
    83    8.70613e-01
    84    8.69621e-01
    85    8.68686e-01
    86    8.67687e-01
    87    8.66739e-01
    88    8.65816e-01
    89    8.64866e-01
    90    8.63936e-01
    91    8.62991e-01
    92    8.62101e-01
    93    8.61196e-01
    94    8.60271e-01
    95    8.59413e-01
    96    8.58536e-01
    97    8.57634e-01
    98    8.56800e-01
    99    8.55953e-01
   100    8.55082e-01
   101    8.54281e-01
   102    8.53456e-01
   103    8.52619e-01
   104    8.51818e-01
   105    8.51026e-01
   106    8.50236e-01
   107    8.49459e-01
   108    8.48692e-01
   109    8.47933e-01
   110    8.47188e-01
   111    8.46448e-01
   112    8.45724e-01
   113    8.44999e-01
   114    8.44295e-01
   115    8.43596e-01
   116    8.42902e-01
   117    8.42227e-01
   118    8.41556e-01
   119    8.40898e-01
   120    8.40245e-01
   121    8.39604e-01
   122    8.38977e-01
   123    8.38351e-01
   124    8.37743e-01
   125    8.37144e-01
   126    8.36553e-01
   127    8.35969e-01
   128    8.35400e-01
   129    8.34839e-01
   130    8.34282e-01
   131    8.33738e-01
   132    8.33205e-01
   133    8.32674e-01
   134    8.32165e-01
   135    8.31660e-01
   136    8.31158e-01
   137    8.30667e-01
   138    8.30193e-01
   139    8.29720e-01
   140    8.29261e-01
   141    8.28810e-01
   142    8.28366e-01
   143    8.27932e-01
   144    8.27501e-01
   145    8.27089e-01
   146    8.26676e-01
   147    8.26281e-01
   148    8.25883e-01
   149    8.25504e-01
   150    8.25131e-01
   151    8.24755e-01
   152    8.24399e-01
   153    8.24041e-01
   154    8.23703e-01
   155    8.23363e-01
   156    8.23030e-01
   157    8.22707e-01
   158    8.22394e-01
   159    8.22082e-01
   160    8.21787e-01
   161    8.21490e-01
   162    8.21205e-01
   163    8.20927e-01
   164    8.20649e-01
   165    8.20382e-01
   166    8.20124e-01
   167    8.19862e-01
   168    8.19615e-01
   169    8.19375e-01
   170    8.19140e-01
   171    8.18906e-01
   172    8.18684e-01
   173    8.18463e-01
   174    8.18248e-01
   175    8.18037e-01
   176    8.17837e-01
   177    8.17640e-01
   178    8.17444e-01
   179    8.17252e-01
   180    8.17068e-01
   181    8.16882e-01
   182    8.16703e-01
   183    8.16532e-01
   184    8.16366e-01
   185    8.16198e-01
   186    8.16038e-01
   187    8.15883e-01
   188    8.15727e-01
   189    8.15579e-01
   190    8.15426e-01
   191    8.15281e-01
   192    8.15142e-01
   193    8.15002e-01
   194    8.14860e-01
   195    8.14724e-01
   196    8.14593e-01
   197    8.14461e-01
   198    8.14335e-01
   199    8.14204e-01
   200    8.14082e-01
   201    8.13956e-01
   202    8.13836e-01
   203    8.13721e-01
   204    8.13595e-01
   205    8.13475e-01
   206    8.13361e-01
   207    8.13236e-01
   208    8.13124e-01
   209    8.12999e-01
   210    8.12881e-01
   211    8.12770e-01
   212    8.12654e-01
   213    8.12544e-01
   214    8.12430e-01
   215    8.12322e-01
   216    8.12210e-01
   217    8.12093e-01
   218    8.11982e-01
   219    8.11879e-01
   220    8.11759e-01
   221    8.11646e-01
   222    8.11540e-01
   223    8.11429e-01
   224    8.11322e-01
   225    8.11201e-01
   226    8.11096e-01
   227    8.10973e-01
   228    8.10858e-01
   229    8.10758e-01
   230    8.10641e-01
   231    8.10532e-01
   232    8.10405e-01
   233    8.10294e-01
   234    8.10177e-01
   235    8.10056e-01
   236    8.09938e-01
   237    8.09828e-01
   238    8.09700e-01
   239    8.09575e-01
   240    8.09454e-01
   241    8.09318e-01
   242    8.09195e-01
   243    8.09058e-01
   244    8.08933e-01
   245    8.08802e-01
   246    8.08667e-01
   247    8.08521e-01
   248    8.08392e-01
   249    8.08245e-01
   250    8.08101e-01
   251    8.07951e-01
   252    8.07791e-01
   253    8.07635e-01
   254    8.07496e-01
   255    8.07323e-01
   256    8.07168e-01
   257    8.06993e-01
   258    8.06831e-01
   259    8.06663e-01
   260    8.06485e-01
   261    8.06315e-01
   262    8.06134e-01
   263    8.05951e-01
   264    8.05768e-01
   265    8.05583e-01
   266    8.05402e-01
   267    8.05200e-01
   268    8.05002e-01
   269    8.04807e-01
   270    8.04615e-01
   271    8.04413e-01
   272    8.04204e-01
   273    8.03994e-01
   274    8.03792e-01
   275    8.03579e-01
   276    8.03354e-01
   277    8.03133e-01
   278    8.02916e-01
   279    8.02702e-01
   280    8.02476e-01
   281    8.02254e-01
   282    8.02021e-01
   283    8.01790e-01
   284    8.01554e-01
   285    8.01331e-01
   286    8.01081e-01
   287    8.00850e-01
   288    8.00606e-01
   289    8.00367e-01
   290    8.00115e-01
   291    7.99867e-01
   292    7.99623e-01
   293    7.99367e-01
   294    7.99114e-01
   295    7.98860e-01
   296    7.98598e-01
   297    7.98335e-01
   298    7.98075e-01
   299    7.97820e-01
   300    7.97552e-01
   301    7.97287e-01
   302    7.97021e-01
   303    7.96748e-01
   304    7.96473e-01
   305    7.96201e-01
   306    7.95917e-01
   307    7.95648e-01
   308    7.95372e-01
   309    7.95094e-01
   310    7.94802e-01
   311    7.94526e-01
   312    7.94243e-01
   313    7.93958e-01
   314    7.93677e-01
   315    7.93383e-01
   316    7.93104e-01
   317    7.92801e-01
   318    7.92524e-01
   319    7.92223e-01
   320    7.91926e-01
   321    7.91645e-01
   322    7.91362e-01
   323    7.91054e-01
   324    7.90762e-01
   325    7.90474e-01
   326    7.90173e-01
   327    7.89888e-01
   328    7.89589e-01
   329    7.89288e-01
   330    7.88999e-01
   331    7.88688e-01
   332    7.88395e-01
   333    7.88106e-01
   334    7.87803e-01
   335    7.87506e-01
   336    7.87206e-01
   337    7.86923e-01
   338    7.86614e-01
   339    7.86322e-01
   340    7.86048e-01
   341    7.85740e-01
   342    7.85457e-01
   343    7.85171e-01
   344    7.84872e-01
   345    7.84578e-01
   346    7.84281e-01
   347    7.84003e-01
   348    7.83730e-01
   349    7.83423e-01
   350    7.83154e-01
   351    7.82871e-01
   352    7.82573e-01
   353    7.82306e-01
   354    7.82011e-01
   355    7.81736e-01
   356    7.81479e-01
   357    7.81187e-01
   358    7.80935e-01
   359    7.80668e-01
   360    7.80386e-01
   361    7.80123e-01
   362    7.79859e-01
   363    7.79601e-01
   364    7.79328e-01
   365    7.79075e-01
   366    7.78820e-01
   367    7.78550e-01
   368    7.78287e-01
   369    7.78043e-01
   370    7.77799e-01
   371    7.77538e-01
   372    7.77299e-01
   373    7.77066e-01
   374    7.76819e-01
   375    7.76583e-01
   376    7.76341e-01
   377    7.76110e-01
   378    7.75888e-01
   379    7.75649e-01
   380    7.75410e-01
   381    7.75177e-01
   382    7.74967e-01
   383    7.74754e-01
   384    7.74527e-01
   385    7.74321e-01
   386    7.74100e-01
   387    7.73900e-01
   388    7.73699e-01
   389    7.73483e-01
   390    7.73275e-01
   391    7.73080e-01
   392    7.72878e-01
   393    7.72690e-01
   394    7.72510e-01
   395    7.72314e-01
   396    7.72117e-01
   397    7.71943e-01
   398    7.71768e-01
   399    7.71602e-01
   400    7.71419e-01
   401    7.71236e-01
   402    7.71076e-01
   403    7.70915e-01
   404    7.70763e-01
   405    7.70596e-01
   406    7.70442e-01
   407    7.70297e-01
   408    7.70136e-01
   409    7.70015e-01
   410    7.69863e-01
   411    7.69725e-01
   412    7.69596e-01
   413    7.69466e-01
   414    7.69321e-01
   415    7.69200e-01
   416    7.69079e-01
   417    7.68967e-01
   418    7.68855e-01
   419    7.68742e-01
   420    7.68613e-01
   421    7.68509e-01
   422    7.68415e-01
   423    7.68295e-01
   424    7.68200e-01
   425    7.68104e-01
   426    7.68019e-01
   427    7.67934e-01
   428    7.67832e-01
   429    7.67745e-01
   430    7.67653e-01
   431    7.67576e-01
   432    7.67510e-01
   433    7.67417e-01
   434    7.67377e-01
   435    7.67294e-01
   436    7.67238e-01
   437    7.67165e-01
   438    7.67108e-01
   439    7.67034e-01
   440    7.66972e-01
   441    7.66925e-01
   442    7.66890e-01
   443    7.66810e-01
   444    7.66774e-01
   445    7.66721e-01
   446    7.66697e-01
   447    7.66656e-01
   448    7.66614e-01
   449    7.66572e-01
   450    7.66530e-01
   451    7.66499e-01
   452    7.66469e-01
   453    7.66438e-01
   454    7.66436e-01
   455    7.66388e-01
   456    7.66369e-01
   457    7.66362e-01
   458    7.66342e-01
   459    7.66335e-01
   460    7.66328e-01
   461    7.66303e-01
   462    7.66278e-01
   463    7.66283e-01
   464    7.66258e-01
   465    7.66245e-01
   466    7.66263e-01
   467    7.66250e-01
   468    7.66267e-01
   469    7.66267e-01
   470    7.66267e-01
   471    7.66267e-01
   472    7.66248e-01
   473    7.66279e-01
   474    7.66292e-01
   475    7.66286e-01
   476    7.66299e-01
   477    7.66325e-01
   478    7.66319e-01
   479    7.66345e-01
   480    7.66353e-01
   481    7.66360e-01
   482    7.66368e-01
   483    7.66407e-01
   484    7.66428e-01
   485    7.66417e-01
   486    7.66439e-01
   487    7.66460e-01
   488    7.66495e-01
   489    7.66516e-01
   490    7.66532e-01
   491    7.66568e-01
   492    7.66603e-01
   493    7.66620e-01
   494    7.66636e-01
   495    7.66633e-01
   496    7.66683e-01
   497    7.66681e-01
   498    7.66711e-01
   499    7.66742e-01
   500    7.66773e-01
   501    7.66784e-01
   502    7.66796e-01
   503    7.66841e-01
   504    7.66833e-01
   505    7.66879e-01
   506    7.66905e-01
   507    7.66931e-01
   508    7.66957e-01
   509    7.66963e-01
   510    7.66969e-01
   511    7.67030e-01
   512    7.67016e-01
   513    7.67057e-01
   514    7.67043e-01
   515    7.67085e-01
   516    7.67106e-01
   517    7.67106e-01
   518    7.67163e-01
   519    7.67163e-01
   520    7.67164e-01
   521    7.67200e-01
   522    7.67236e-01
   523    7.67237e-01
   524    7.67253e-01
   525    7.67268e-01
   526    7.67284e-01
   527    7.67315e-01
   528    7.67331e-01
   529    7.67325e-01
   530    7.67356e-01
   531    7.67388e-01
   532    7.67382e-01
   533    7.67392e-01
   534    7.67424e-01
   535    7.67434e-01
   536    7.67444e-01
   537    7.67469e-01
   538    7.67479e-01
   539    7.67468e-01
   540    7.67493e-01
   541    7.67519e-01
   542    7.67507e-01
   543    7.67511e-01
   544    7.67537e-01
   545    7.67541e-01
   546    7.67545e-01
   547    7.67587e-01
   548    7.67568e-01
   549    7.67583e-01
   550    7.67584e-01
   551    7.67588e-01
   552    7.67597e-01
   553    7.67609e-01
   554    7.67598e-01
   555    7.67618e-01
   556    7.67615e-01
   557    7.67620e-01
   558    7.67625e-01
   559    7.67634e-01
   560    7.67624e-01
   561    7.67617e-01
   562    7.67634e-01
   563    7.67636e-01
   564    7.67614e-01
   565    7.67619e-01
   566    7.67629e-01
   567    7.67615e-01
   568    7.67609e-01
   569    7.67602e-01
   570    7.67600e-01
   571    7.67578e-01
   572    7.67584e-01
   573    7.67566e-01
   574    7.67552e-01
   575    7.67542e-01
   576    7.67536e-01
   577    7.67534e-01
   578    7.67507e-01
   579    7.67509e-01
   580    7.67487e-01
   581    7.67473e-01
   582    7.67459e-01
   583    7.67419e-01
   584    7.67413e-01
   585    7.67383e-01
   586    7.67356e-01
   587    7.67333e-01
   588    7.67310e-01
   589    7.67291e-01
   590    7.67272e-01
   591    7.67233e-01
   592    7.67197e-01
   593    7.67165e-01
   594    7.67133e-01
   595    7.67106e-01
   596    7.67078e-01
   597    7.67029e-01
   598    7.67009e-01
   599    7.66964e-01
   600    7.66923e-01
   601    7.66882e-01
   602    7.66844e-01
   603    7.66786e-01
   604    7.66752e-01
   605    7.66697e-01
   606    7.66647e-01
   607    7.66596e-01
   608    7.66549e-01
   609    7.66502e-01
   610    7.66459e-01
   611    7.66394e-01
   612    7.66329e-01
   613    7.66294e-01
   614    7.66237e-01
   615    7.66180e-01
   616    7.66101e-01
   617    7.66052e-01
   618    7.65976e-01
   619    7.65932e-01
   620    7.65865e-01
   621    7.65797e-01
   622    7.65734e-01
   623    7.65675e-01
   624    7.65616e-01
   625    7.65538e-01
   626    7.65488e-01
   627    7.65410e-01
   628    7.65341e-01
   629    7.65271e-01
   630    7.65206e-01
   631    7.65141e-01
   632    7.65084e-01
   633    7.65000e-01
   634    7.64920e-01
   635    7.64868e-01
   636    7.64796e-01
   637    7.64725e-01
   638    7.64658e-01
   639    7.64595e-01
   640    7.64504e-01
   641    7.64446e-01
   642    7.64369e-01
   643    7.64320e-01
   644    7.64242e-01
   645    7.64173e-01
   646    7.64104e-01
   647    7.64040e-01
   648    7.63981e-01
   649    7.63897e-01
   650    7.63846e-01
   651    7.63772e-01
   652    7.63697e-01
   653    7.63656e-01
   654    7.63590e-01
   655    7.63529e-01
   656    7.63444e-01
   657    7.63393e-01
   658    7.63341e-01
   659    7.63265e-01
   660    7.63223e-01
   661    7.63156e-01
   662    7.63094e-01
   663    7.63032e-01
   664    7.62974e-01
   665    7.62922e-01
   666    7.62874e-01
   667    7.62832e-01
   668    7.62759e-01
   669    7.62721e-01
   670    7.62658e-01
   671    7.62599e-01
   672    7.62577e-01
   673    7.62523e-01
   674    7.62475e-01
   675    7.62401e-01
   676    7.62357e-01
   677    7.62324e-01
   678    7.62260e-01
   679    7.62231e-01
   680    7.62172e-01
   681    7.62123e-01
   682    7.62105e-01
   683    7.62061e-01
   684    7.62017e-01
   685    7.61952e-01
   686    7.61918e-01
   687    7.61884e-01
   688    7.61830e-01
   689    7.61806e-01
   690    7.61756e-01
   691    7.61744e-01
   692    7.61699e-01
   693    7.61660e-01
   694    7.61626e-01
   695    7.61592e-01
   696    7.61568e-01
   697    7.61507e-01
   698    7.61490e-01
   699    7.61472e-01
   700    7.61427e-01
   701    7.61420e-01
   702    7.61380e-01
   703    7.61346e-01
   704    7.61317e-01
   705    7.61288e-01
   706    7.61265e-01
   707    7.61248e-01
   708    7.61230e-01
   709    7.61218e-01
   710    7.61172e-01
   711    7.61172e-01
   712    7.61132e-01
   713    7.61103e-01
   714    7.61108e-01
   715    7.61085e-01
   716    7.61062e-01
   717    7.61045e-01
   718    7.61033e-01
   719    7.61022e-01
   720    7.61016e-01
   721    7.60982e-01
   722    7.60982e-01
   723    7.60987e-01
   724    7.60959e-01
   725    7.60937e-01
   726    7.60954e-01
   727    7.60938e-01
   728    7.60921e-01
   729    7.60916e-01
   730    7.60911e-01
   731    7.60906e-01
   732    7.60907e-01
   733    7.60914e-01
   734    7.60886e-01
   735    7.60899e-01
   736    7.60877e-01
   737    7.60896e-01
   738    7.60887e-01
   739    7.60912e-01
   740    7.60902e-01
   741    7.60904e-01
   742    7.60900e-01
   743    7.60909e-01
   744    7.60911e-01
   745    7.60926e-01
   746    7.60940e-01
   747    7.60955e-01
   748    7.60940e-01
   749    7.60961e-01
   750    7.60952e-01
   751    7.60986e-01
   752    7.60984e-01
   753    7.61017e-01
   754    7.61021e-01
   755    7.61031e-01
   756    7.61042e-01
   757    7.61052e-01
   758    7.61068e-01
   759    7.61085e-01
   760    7.61108e-01
   761    7.61138e-01
   762    7.61167e-01
   763    7.61160e-01
   764    7.61196e-01
   765    7.61195e-01
   766    7.61232e-01
   767    7.61237e-01
   768    7.61287e-01
   769    7.61299e-01
   770    7.61312e-01
   771    7.61330e-01
   772    7.61349e-01
   773    7.61368e-01
   774    7.61394e-01
   775    7.61420e-01
   776    7.61452e-01
   777    7.61484e-01
   778    7.61479e-01
   779    7.61522e-01
   780    7.61546e-01
   781    7.61573e-01
   782    7.61600e-01
   783    7.61623e-01
   784    7.61647e-01
   785    7.61673e-01
   786    7.61696e-01
   787    7.61725e-01
   788    7.61744e-01
   789    7.61776e-01
   790    7.61798e-01
   791    7.61823e-01
   792    7.61848e-01
   793    7.61873e-01
   794    7.61897e-01
   795    7.61925e-01
   796    7.61945e-01
   797    7.61965e-01
   798    7.61992e-01
   799    7.62016e-01
   800    7.62035e-01
   801    7.62054e-01
   802    7.62081e-01
   803    7.62103e-01
   804    7.62122e-01
   805    7.62141e-01
   806    7.62162e-01
   807    7.62184e-01
   808    7.62202e-01
   809    7.62216e-01
   810    7.62241e-01
   811    7.62258e-01
   812    7.62275e-01
   813    7.62292e-01
   814    7.62312e-01
   815    7.62328e-01
   816    7.62344e-01
   817    7.62360e-01
   818    7.62372e-01
   819    7.62387e-01
   820    7.62402e-01
   821    7.62417e-01
   822    7.62436e-01
   823    7.62443e-01
   824    7.62461e-01
   825    7.62471e-01
   826    7.62488e-01
   827    7.62499e-01
   828    7.62512e-01
   829    7.62521e-01
   830    7.62530e-01
   831    7.62546e-01
   832    7.62551e-01
   833    7.62564e-01
   834    7.62572e-01
   835    7.62587e-01
   836    7.62591e-01
   837    7.62602e-01
   838    7.62609e-01
   839    7.62616e-01
   840    7.62619e-01
   841    7.62629e-01
   842    7.62635e-01
   843    7.62641e-01
   844    7.62647e-01
   845    7.62656e-01
   846    7.62665e-01
   847    7.62663e-01
   848    7.62675e-01
   849    7.62676e-01
   850    7.62676e-01
   851    7.62680e-01
   852    7.62683e-01
   853    7.62687e-01
   854    7.62694e-01
   855    7.62693e-01
   856    7.62696e-01
   857    7.62698e-01
   858    7.62701e-01
   859    7.62706e-01
   860    7.62700e-01
   861    7.62701e-01
   862    7.62703e-01
   863    7.62699e-01
   864    7.62704e-01
   865    7.62708e-01
   866    7.62701e-01
   867    7.62696e-01
   868    7.62704e-01
   869    7.62700e-01
   870    7.62698e-01
   871    7.62697e-01
   872    7.62696e-01
   873    7.62690e-01
   874    7.62692e-01
   875    7.62682e-01
   876    7.62679e-01
   877    7.62676e-01
   878    7.62669e-01
   879    7.62670e-01
   880    7.62666e-01
   881    7.62662e-01
   882    7.62658e-01
   883    7.62649e-01
   884    7.62641e-01
   885    7.62635e-01
   886    7.62635e-01
   887    7.62625e-01
   888    7.62619e-01
   889    7.62617e-01
   890    7.62611e-01
   891    7.62596e-01
   892    7.62597e-01
   893    7.62590e-01
   894    7.62579e-01
   895    7.62571e-01
   896    7.62567e-01
   897    7.62559e-01
   898    7.62546e-01
   899    7.62546e-01
   900    7.62533e-01
   901    7.62523e-01
   902    7.62514e-01
   903    7.62504e-01
   904    7.62502e-01
   905    7.62488e-01
   906    7.62476e-01
   907    7.62470e-01
   908    7.62467e-01
   909    7.62451e-01
   910    7.62448e-01
   911    7.62432e-01
   912    7.62419e-01
   913    7.62420e-01
   914    7.62407e-01
   915    7.62397e-01
   916    7.62388e-01
   917    7.62379e-01
   918    7.62369e-01
   919    7.62355e-01
   920    7.62349e-01
   921    7.62343e-01
   922    7.62332e-01
   923    7.62321e-01
   924    7.62305e-01
   925    7.62297e-01
   926    7.62290e-01
   927    7.62282e-01
   928    7.62270e-01
   929    7.62257e-01
   930    7.62248e-01
   931    7.62244e-01
   932    7.62230e-01
   933    7.62221e-01
   934    7.62215e-01
   935    7.62201e-01
   936    7.62195e-01
   937    7.62185e-01
   938    7.62183e-01
   939    7.62172e-01
   940    7.62165e-01
   941    7.62158e-01
   942    7.62151e-01
   943    7.62138e-01
   944    7.62135e-01
   945    7.62123e-01
   946    7.62114e-01
   947    7.62105e-01
   948    7.62105e-01
   949    7.62097e-01
   950    7.62092e-01
   951    7.62087e-01
   952    7.62076e-01
   953    7.62080e-01
   954    7.62070e-01
   955    7.62063e-01
   956    7.62062e-01
   957    7.62055e-01
   958    7.62058e-01
   959    7.62055e-01
   960    7.62043e-01
   961    7.62040e-01
   962    7.62046e-01
   963    7.62038e-01
   964    7.62039e-01
   965    7.62040e-01
   966    7.62036e-01
   967    7.62037e-01
   968    7.62036e-01
   969    7.62041e-01
   970    7.62040e-01
   971    7.62040e-01
   972    7.62039e-01
   973    7.62043e-01
   974    7.62046e-01
   975    7.62049e-01
   976    7.62053e-01
   977    7.62051e-01
   978    7.62058e-01
   979    7.62066e-01
   980    7.62067e-01
   981    7.62069e-01
   982    7.62081e-01
   983    7.62083e-01
   984    7.62089e-01
   985    7.62095e-01
   986    7.62110e-01
   987    7.62116e-01
   988    7.62126e-01
   989    7.62136e-01
   990    7.62141e-01
   991    7.62160e-01
   992    7.62165e-01
   993    7.62179e-01
   994    7.62188e-01
   995    7.62202e-01
   996    7.62220e-01
   997    7.62229e-01
   998    7.62242e-01
   999    7.62255e-01
  1000    7.62277e-01
  1001    7.62290e-01
  1002    7.62313e-01
  1003    7.62330e-01
  1004    7.62348e-01
  1005    7.62365e-01
  1006    7.62386e-01
  1007    7.62408e-01
  1008    7.62429e-01
  1009    7.62451e-01
  1010    7.62467e-01
  1011    7.62493e-01
  1012    7.62509e-01
  1013    7.62535e-01
  1014    7.62555e-01
  1015    7.62591e-01
  1016    7.62606e-01
  1017    7.62637e-01
  1018    7.62662e-01
  1019    7.62692e-01
  1020    7.62717e-01
  1021    7.62737e-01
  1022    7.62772e-01
  1023    7.62801e-01
  1024    7.62831e-01
  1025    7.62854e-01
  1026    7.62884e-01
  1027    7.62908e-01
  1028    7.62942e-01
  1029    7.62976e-01
  1030    7.63005e-01
  1031    7.63033e-01
  1032    7.63062e-01
  1033    7.63101e-01
  1034    7.63124e-01
  1035    7.63163e-01
  1036    7.63196e-01
  1037    7.63223e-01
  1038    7.63257e-01
  1039    7.63284e-01
  1040    7.63322e-01
  1041    7.63350e-01
  1042    7.63388e-01
  1043    7.63421e-01
  1044    7.63453e-01
  1045    7.63485e-01
  1046    7.63518e-01
  1047    7.63555e-01
  1048    7.63592e-01
  1049    7.63619e-01
  1050    7.63656e-01
  1051    7.63694e-01
  1052    7.63725e-01
  1053    7.63756e-01
  1054    7.63799e-01
  1055    7.63824e-01
  1056    7.63867e-01
  1057    7.63903e-01
  1058    7.63929e-01
  1059    7.63965e-01
  1060    7.63996e-01
  1061    7.64037e-01
  1062    7.64068e-01
  1063    7.64098e-01
  1064    7.64140e-01
  1065    7.64175e-01
  1066    7.64211e-01
  1067    7.64246e-01
  1068    7.64282e-01
  1069    7.64318e-01
  1070    7.64348e-01
  1071    7.64388e-01
  1072    7.64418e-01
  1073    7.64459e-01
  1074    7.64493e-01
  1075    7.64528e-01
  1076    7.64563e-01
  1077    7.64597e-01
  1078    7.64632e-01
  1079    7.64661e-01
  1080    7.64701e-01
  1081    7.64730e-01
  1082    7.64769e-01
  1083    7.64803e-01
  1084    7.64843e-01
  1085    7.64877e-01
  1086    7.64911e-01
  1087    7.64938e-01
  1088    7.64984e-01
  1089    7.65011e-01
  1090    7.65050e-01
  1091    7.65089e-01
  1092    7.65117e-01
  1093    7.65150e-01
  1094    7.65189e-01
  1095    7.65234e-01
  1096    7.65267e-01
  1097    7.65293e-01
  1098    7.65338e-01
  1099    7.65364e-01
  1100    7.65402e-01
  1101    7.65441e-01
  1102    7.65479e-01
  1103    7.65511e-01
  1104    7.65543e-01
  1105    7.65581e-01
  1106    7.65607e-01
  1107    7.65650e-01
  1108    7.65682e-01
  1109    7.65719e-01
  1110    7.65757e-01
  1111    7.65794e-01
  1112    7.65820e-01
  1113    7.65851e-01
  1114    7.65900e-01
  1115    7.65931e-01
  1116    7.65962e-01
  1117    7.65998e-01
  1118    7.66029e-01
  1119    7.66065e-01
  1120    7.66097e-01
  1121    7.66133e-01
  1122    7.66162e-01
  1123    7.66199e-01
  1124    7.66236e-01
  1125    7.66266e-01
  1126    7.66295e-01
  1127    7.66337e-01
  1128    7.66367e-01
  1129    7.66402e-01
  1130    7.66426e-01
  1131    7.66468e-01
  1132    7.66503e-01
  1133    7.66532e-01
  1134    7.66568e-01
  1135    7.66596e-01
  1136    7.66632e-01
  1137    7.66661e-01
  1138    7.66690e-01
  1139    7.66724e-01
  1140    7.66753e-01
  1141    7.66787e-01
  1142    7.66809e-01
  1143    7.66844e-01
  1144    7.66878e-01
  1145    7.66913e-01
  1146    7.66940e-01
  1147    7.66975e-01
  1148    7.67003e-01
  1149    7.67030e-01
  1150    7.67058e-01
  1151    7.67091e-01
  1152    7.67119e-01
  1153    7.67152e-01
  1154    7.67173e-01
  1155    7.67207e-01
  1156    7.67228e-01
  1157    7.67254e-01
  1158    7.67288e-01
  1159    7.67314e-01
  1160    7.67340e-01
  1161    7.67367e-01
  1162    7.67394e-01
  1163    7.67425e-01
  1164    7.67452e-01
  1165    7.67472e-01
  1166    7.67504e-01
  1167    7.67523e-01
  1168    7.67556e-01
  1169    7.67580e-01
  1170    7.67600e-01
  1171    7.67625e-01
  1172    7.67651e-01
  1173    7.67676e-01
  1174    7.67701e-01
  1175    7.67719e-01
  1176    7.67744e-01
  1177    7.67775e-01
  1178    7.67793e-01
  1179    7.67824e-01
  1180    7.67842e-01
  1181    7.67873e-01
  1182    7.67884e-01
  1183    7.67908e-01
  1184    7.67939e-01
  1185    7.67963e-01
  1186    7.67986e-01
  1187    7.68003e-01
  1188    7.68027e-01
  1189    7.68043e-01
  1190    7.68060e-01
  1191    7.68084e-01
  1192    7.68106e-01
  1193    7.68122e-01
  1194    7.68152e-01
  1195    7.68161e-01
  1196    7.68191e-01
  1197    7.68213e-01
  1198    7.68235e-01
  1199    7.68245e-01
  1200    7.68259e-01
  1201    7.68282e-01
  1202    7.68309e-01
  1203    7.68332e-01
  1204    7.68347e-01
  1205    7.68362e-01
  1206    7.68390e-01
  1207    7.68397e-01
  1208    7.68425e-01
  1209    7.68433e-01
  1210    7.68461e-01
  1211    7.68481e-01
  1212    7.68502e-01
  1213    7.68502e-01
  1214    7.68523e-01
  1215    7.68543e-01
  1216    7.68570e-01
  1217    7.68583e-01
  1218    7.68596e-01
  1219    7.68609e-01
  1220    7.68635e-01
  1221    7.68649e-01
  1222    7.68667e-01
  1223    7.68694e-01
  1224    7.68699e-01
  1225    7.68718e-01
  1226    7.68737e-01
  1227    7.68756e-01
  1228    7.68775e-01
  1229    7.68786e-01
  1230    7.68819e-01
  1231    7.68830e-01
  1232    7.68841e-01
  1233    7.68866e-01
  1234    7.68877e-01
  1235    7.68902e-01
  1236    7.68919e-01
  1237    7.68931e-01
  1238    7.68948e-01
  1239    7.68965e-01
  1240    7.68982e-01
  1241    7.68999e-01
  1242    7.69030e-01
  1243    7.69047e-01
  1244    7.69056e-01
  1245    7.69087e-01
  1246    7.69097e-01
  1247    7.69120e-01
  1248    7.69143e-01
  1249    7.69152e-01
  1250    7.69175e-01
  1251    7.69191e-01
  1252    7.69214e-01
  1253    7.69229e-01
  1254    7.69258e-01
  1255    7.69282e-01
  1256    7.69297e-01
  1257    7.69318e-01
  1258    7.69334e-01
  1259    7.69363e-01
  1260    7.69384e-01
  1261    7.69400e-01
  1262    7.69421e-01
  1263    7.69442e-01
  1264    7.69464e-01
  1265    7.69485e-01
  1266    7.69499e-01
  1267    7.69534e-01
  1268    7.69556e-01
  1269    7.69569e-01
  1270    7.69597e-01
  1271    7.69625e-01
  1272    7.69638e-01
  1273    7.69666e-01
  1274    7.69694e-01
  1275    7.69722e-01
  1276    7.69727e-01
  1277    7.69755e-01
  1278    7.69789e-01
  1279    7.69808e-01
  1280    7.69828e-01
  1281    7.69848e-01
  1282    7.69882e-01
  1283    7.69893e-01
  1284    7.69928e-01
  1285    7.69948e-01
  1286    7.69974e-01
  1287    7.69985e-01
  1288    7.70011e-01
  1289    7.70037e-01
  1290    7.70063e-01
  1291    7.70090e-01
  1292    7.70116e-01
  1293    7.70134e-01
  1294    7.70151e-01
  1295    7.70178e-01
  1296    7.70210e-01
  1297    7.70228e-01
  1298    7.70261e-01
  1299    7.70279e-01
  1300    7.70312e-01
  1301    7.70321e-01
  1302    7.70354e-01
  1303    7.70378e-01
  1304    7.70397e-01
  1305    7.70421e-01
  1306    7.70446e-01
  1307    7.70470e-01
  1308    7.70495e-01
  1309    7.70510e-01
  1310    7.70535e-01
  1311    7.70575e-01
  1312    7.70591e-01
  1313    7.70606e-01
  1314    7.70646e-01
  1315    7.70662e-01
  1316    7.70679e-01
  1317    7.70710e-01
  1318    7.70741e-01
  1319    7.70748e-01
  1320    7.70780e-01
  1321    7.70802e-01
  1322    7.70834e-01
  1323    7.70856e-01
  1324    7.70879e-01
  1325    7.70902e-01
  1326    7.70924e-01
  1327    7.70947e-01
  1328    7.70970e-01
  1329    7.71008e-01
  1330    7.71022e-01
  1331    7.71045e-01
  1332    7.71075e-01
  1333    7.71104e-01
  1334    7.71118e-01
  1335    7.71148e-01
  1336    7.71177e-01
  1337    7.71192e-01
  1338    7.71221e-01
  1339    7.71251e-01
  1340    7.71272e-01
  1341    7.71302e-01
  1342    7.71323e-01
  1343    7.71343e-01
  1344    7.71380e-01
  1345    7.71401e-01
  1346    7.71422e-01
  1347    7.71458e-01
  1348    7.71480e-01
  1349    7.71516e-01
  1350    7.71528e-01
  1351    7.71565e-01
  1352    7.71593e-01
  1353    7.71605e-01
  1354    7.71642e-01
  1355    7.71670e-01
  1356    7.71698e-01
  1357    7.71726e-01
  1358    7.71754e-01
  1359    7.71773e-01
  1360    7.71801e-01
  1361    7.71836e-01
  1362    7.71864e-01
  1363    7.71883e-01
  1364    7.71918e-01
  1365    7.71947e-01
  1366    7.71982e-01
  1367    7.72001e-01
  1368    7.72036e-01
  1369    7.72062e-01
  1370    7.72081e-01
  1371    7.72117e-01
  1372    7.72143e-01
  1373    7.72178e-01
  1374    7.72204e-01
  1375    7.72231e-01
  1376    7.72266e-01
  1377    7.72293e-01
  1378    7.72319e-01
  1379    7.72345e-01
  1380    7.72379e-01
  1381    7.72405e-01
  1382    7.72432e-01
  1383    7.72465e-01
  1384    7.72492e-01
  1385    7.72525e-01
  1386    7.72558e-01
  1387    7.72585e-01
  1388    7.72619e-01
  1389    7.72653e-01
  1390    7.72670e-01
  1391    7.72704e-01
  1392    7.72728e-01
  1393    7.72762e-01
  1394    7.72796e-01
  1395    7.72820e-01
  1396    7.72855e-01
  1397    7.72879e-01
  1398    7.72903e-01
  1399    7.72954e-01
  1400    7.72979e-01
  1401    7.73004e-01
  1402    7.73028e-01
  1403    7.73070e-01
  1404    7.73085e-01
  1405    7.73126e-01
  1406    7.73151e-01
  1407    7.73183e-01
  1408    7.73208e-01
  1409    7.73240e-01
  1410    7.73272e-01
  1411    7.73287e-01
  1412    7.73329e-01
  1413    7.73362e-01
  1414    7.73394e-01
  1415    7.73416e-01
  1416    7.73449e-01
  1417    7.73481e-01
  1418    7.73514e-01
  1419    7.73536e-01
  1420    7.73569e-01
  1421    7.73591e-01
  1422    7.73614e-01
  1423    7.73647e-01
  1424    7.73687e-01
  1425    7.73710e-01
  1426    7.73732e-01
  1427    7.73773e-01
  1428    7.73796e-01
  1429    7.73836e-01
  1430    7.73849e-01
  1431    7.73889e-01
  1432    7.73902e-01
  1433    7.73942e-01
  1434    7.73973e-01
  1435    7.73996e-01
  1436    7.74027e-01
  1437    7.74057e-01
  1438    7.74088e-01
  1439    7.74118e-01
  1440    7.74132e-01
  1441    7.74162e-01
  1442    7.74193e-01
  1443    7.74224e-01
  1444    7.74245e-01
  1445    7.74293e-01
  1446    7.74314e-01
  1447    7.74345e-01
  1448    7.74366e-01
  1449    7.74386e-01
  1450    7.74418e-01
  1451    7.74456e-01
  1452    7.74477e-01
  1453    7.74498e-01
  1454    7.74537e-01
  1455    7.74547e-01
  1456    7.74586e-01
  1457    7.74607e-01
  1458    7.74646e-01
  1459    7.74657e-01
  1460    7.74696e-01
  1461    7.74725e-01
  1462    7.74735e-01
  1463    7.74775e-01
  1464    7.74803e-01
  1465    7.74832e-01
  1466    7.74861e-01
  1467    7.74872e-01
  1468    7.74901e-01
  1469    7.74930e-01
  1470    7.74959e-01
  1471    7.74978e-01
  1472    7.75007e-01
  1473    7.75043e-01
  1474    7.75073e-01
  1475    7.75091e-01
  1476    7.75121e-01
  1477    7.75139e-01
  1478    7.75176e-01
  1479    7.75195e-01
  1480    7.75225e-01
  1481    7.75262e-01
  1482    7.75281e-01
  1483    7.75307e-01
  1484    7.75326e-01
  1485    7.75363e-01
  1486    7.75382e-01
  1487    7.75409e-01
  1488    7.75446e-01
  1489    7.75455e-01
  1490    7.75492e-01
  1491    7.75519e-01
  1492    7.75546e-01
  1493    7.75584e-01
  1494    7.75611e-01
  1495    7.75637e-01
  1496    7.75646e-01
  1497    7.75692e-01
  1498    7.75719e-01
  1499    7.75746e-01
  1500    7.75762e-01
  1501    7.75789e-01
  1502    7.75817e-01
  1503    7.75851e-01
  1504    7.75879e-01
  1505    7.75895e-01
  1506    7.75941e-01
  1507    7.75958e-01
  1508    7.75974e-01
  1509    7.76010e-01
  1510    7.76045e-01
  1511    7.76073e-01
  1512    7.76108e-01
  1513    7.76114e-01
  1514    7.76149e-01
  1515    7.76185e-01
  1516    7.76221e-01
  1517    7.76237e-01
  1518    7.76262e-01
  1519    7.76298e-01
  1520    7.76322e-01
  1521    7.76358e-01
  1522    7.76383e-01
  1523    7.76408e-01
  1524    7.76444e-01
  1525    7.76469e-01
  1526    7.76494e-01
  1527    7.76519e-01
  1528    7.76544e-01
  1529    7.76588e-01
  1530    7.76613e-01
  1531    7.76639e-01
  1532    7.76652e-01
  1533    7.76697e-01
  1534    7.76722e-01
  1535    7.76736e-01
  1536    7.76781e-01
  1537    7.76795e-01
  1538    7.76840e-01
  1539    7.76854e-01
  1540    7.76887e-01
  1541    7.76932e-01
  1542    7.76946e-01
  1543    7.76980e-01
  1544    7.76994e-01
  1545    7.77028e-01
  1546    7.77062e-01
  1547    7.77096e-01
  1548    7.77098e-01
  1549    7.77132e-01
  1550    7.77166e-01
  1551    7.77200e-01
  1552    7.77223e-01
  1553    7.77257e-01
  1554    7.77280e-01
  1555    7.77314e-01
  1556    7.77337e-01
  1557    7.77359e-01
  1558    7.77382e-01
  1559    7.77416e-01
  1560    7.77439e-01
  1561    7.77462e-01
  1562    7.77485e-01
  1563    7.77528e-01
  1564    7.77551e-01
  1565    7.77562e-01
  1566    7.77585e-01
  1567    7.77628e-01
  1568    7.77651e-01
  1569    7.77662e-01
  1570    7.77706e-01
  1571    7.77717e-01
  1572    7.77760e-01
  1573    7.77772e-01
  1574    7.77803e-01
  1575    7.77827e-01
  1576    7.77858e-01
  1577    7.77870e-01
  1578    7.77901e-01
  1579    7.77933e-01
  1580    7.77965e-01
  1581    7.77977e-01
  1582    7.78008e-01
  1583    7.78040e-01
  1584    7.78072e-01
  1585    7.78092e-01
  1586    7.78104e-01
  1587    7.78136e-01
  1588    7.78156e-01
  1589    7.78189e-01
  1590    7.78209e-01
  1591    7.78241e-01
  1592    7.78261e-01
  1593    7.78302e-01
  1594    7.78335e-01
  1595    7.78355e-01
  1596    7.78375e-01
  1597    7.78396e-01
  1598    7.78437e-01
  1599    7.78457e-01
  1600    7.78478e-01
  1601    7.78519e-01
  1602    7.78540e-01
  1603    7.78568e-01
  1604    7.78589e-01
  1605    7.78631e-01
  1606    7.78639e-01
  1607    7.78681e-01
  1608    7.78689e-01
  1609    7.78731e-01
  1610    7.78760e-01
  1611    7.78781e-01
  1612    7.78810e-01
  1613    7.78840e-01
  1614    7.78869e-01
  1615    7.78912e-01
  1616    7.78920e-01
  1617    7.78950e-01
  1618    7.78980e-01
  1619    7.79009e-01
  1620    7.79026e-01
  1621    7.79056e-01
  1622    7.79086e-01
  1623    7.79116e-01
  1624    7.79146e-01
  1625    7.79185e-01
  1626    7.79215e-01
  1627    7.79232e-01
  1628    7.79263e-01
  1629    7.79280e-01
  1630    7.79332e-01
  1631    7.79349e-01
  1632    7.79367e-01
  1633    7.79419e-01
  1634    7.79437e-01
  1635    7.79476e-01
  1636    7.79493e-01
  1637    7.79533e-01
  1638    7.79551e-01
  1639    7.79590e-01
  1640    7.79608e-01
  1641    7.79648e-01
  1642    7.79674e-01
  1643    7.79692e-01
  1644    7.79732e-01
  1645    7.79772e-01
  1646    7.79777e-01
  1647    7.79817e-01
  1648    7.79844e-01
  1649    7.79884e-01
  1650    7.79911e-01
  1651    7.79951e-01
  1652    7.79978e-01
  1653    7.79984e-01
  1654    7.80011e-01
  1655    7.80051e-01
  1656    7.80079e-01
  1657    7.80128e-01
  1658    7.80155e-01
  1659    7.80183e-01
  1660    7.80210e-01
  1661    7.80238e-01
  1662    7.80252e-01
  1663    7.80280e-01
  1664    7.80330e-01
  1665    7.80358e-01
  1666    7.80372e-01
  1667    7.80422e-01
  1668    7.80450e-01
  1669    7.80465e-01
  1670    7.80515e-01
  1671    7.80530e-01
  1672    7.80545e-01
  1673    7.80595e-01
  1674    7.80610e-01
  1675    7.80647e-01
  1676    7.80698e-01
  1677    7.80713e-01
  1678    7.80750e-01
  1679    7.80765e-01
  1680    7.80802e-01
  1681    7.80840e-01
  1682    7.80855e-01
  1683    7.80893e-01
  1684    7.80931e-01
  1685    7.80955e-01
  1686    7.80970e-01
  1687    7.81008e-01
  1688    7.81032e-01
  1689    7.81070e-01
  1690    7.81108e-01
  1691    7.81133e-01
  1692    7.81171e-01
  1693    7.81195e-01
  1694    7.81211e-01
  1695    7.81236e-01
  1696    7.81283e-01
  1697    7.81308e-01
  1698    7.81347e-01
  1699    7.81371e-01
  1700    7.81396e-01
  1701    7.81421e-01
  1702    7.81446e-01
  1703    7.81471e-01
  1704    7.81519e-01
  1705    7.81544e-01
  1706    7.81570e-01
  1707    7.81595e-01
  1708    7.81643e-01
  1709    7.81654e-01
  1710    7.81680e-01
  1711    7.81728e-01
  1712    7.81740e-01
  1713    7.81765e-01
  1714    7.81800e-01
  1715    7.81826e-01
  1716    7.81860e-01
  1717    7.81886e-01
  1718    7.81921e-01
  1719    7.81933e-01
  1720    7.81982e-01
  1721    7.81994e-01
  1722    7.82029e-01
  1723    7.82064e-01
  1724    7.82090e-01
  1725    7.82125e-01
  1726    7.82161e-01
  1727    7.82173e-01
  1728    7.82208e-01
  1729    7.82244e-01
  1730    7.82265e-01
  1731    7.82301e-01
  1732    7.82313e-01
  1733    7.82349e-01
  1734    7.82370e-01
  1735    7.82406e-01
  1736    7.82442e-01
  1737    7.82464e-01
  1738    7.82500e-01
  1739    7.82521e-01
  1740    7.82558e-01
  1741    7.82579e-01
  1742    7.82616e-01
  1743    7.82638e-01
  1744    7.82660e-01
  1745    7.82696e-01
  1746    7.82742e-01
  1747    7.82764e-01
  1748    7.82786e-01
  1749    7.82808e-01
  1750    7.82854e-01
  1751    7.82877e-01
  1752    7.82899e-01
  1753    7.82921e-01
  1754    7.82968e-01
  1755    7.82990e-01
  1756    7.83037e-01
  1757    7.83059e-01
  1758    7.83082e-01
  1759    7.83114e-01
  1760    7.83137e-01
  1761    7.83184e-01
  1762    7.83192e-01
  1763    7.83239e-01
  1764    7.83271e-01
  1765    7.83294e-01
  1766    7.83326e-01
  1767    7.83349e-01
  1768    7.83382e-01
  1769    7.83415e-01
  1770    7.83438e-01
  1771    7.83470e-01
  1772    7.83503e-01
  1773    7.83536e-01
  1774    7.83559e-01
  1775    7.83592e-01
  1776    7.83625e-01
  1777    7.83658e-01
  1778    7.83691e-01
  1779    7.83725e-01
  1780    7.83758e-01
  1781    7.83767e-01
  1782    7.83800e-01
  1783    7.83818e-01
  1784    7.83852e-01
  1785    7.83885e-01
  1786    7.83919e-01
  1787    7.83937e-01
  1788    7.83971e-01
  1789    7.84005e-01
  1790    7.84023e-01
  1791    7.84082e-01
  1792    7.84101e-01
  1793    7.84135e-01
  1794    7.84153e-01
  1795    7.84172e-01
  1796    7.84206e-01
  1797    7.84225e-01
  1798    7.84269e-01
  1799    7.84303e-01
  1800    7.84322e-01
  1801    7.84342e-01
  1802    7.84361e-01
  1803    7.84405e-01
  1804    7.84424e-01
  1805    7.84443e-01
  1806    7.84488e-01
  1807    7.84507e-01
  1808    7.84526e-01
  1809    7.84571e-01
  1810    7.84591e-01
  1811    7.84610e-01
  1812    7.84655e-01
  1813    7.84659e-01
  1814    7.84704e-01
  1815    7.84723e-01
  1816    7.84728e-01
  1817    7.84773e-01
  1818    7.84793e-01
  1819    7.84822e-01
  1820    7.84842e-01
  1821    7.84872e-01
  1822    7.84917e-01
  1823    7.84922e-01
  1824    7.84951e-01
  1825    7.84971e-01
  1826    7.85001e-01
  1827    7.85031e-01
  1828    7.85036e-01
  1829    7.85082e-01
  1830    7.85112e-01
  1831    7.85117e-01
  1832    7.85147e-01
  1833    7.85177e-01
  1834    7.85182e-01
  1835    7.85212e-01
  1836    7.85243e-01
  1837    7.85273e-01
  1838    7.85304e-01
  1839    7.85308e-01
  1840    7.85339e-01
  1841    7.85370e-01
  1842    7.85385e-01
  1843    7.85415e-01
  1844    7.85446e-01
  1845    7.85477e-01
  1846    7.85492e-01
  1847    7.85523e-01
  1848    7.85538e-01
  1849    7.85569e-01
  1850    7.85600e-01
  1851    7.85615e-01
  1852    7.85647e-01
  1853    7.85662e-01
  1854    7.85677e-01
  1855    7.85709e-01
  1856    7.85724e-01
  1857    7.85765e-01
  1858    7.85797e-01
  1859    7.85812e-01
  1860    7.85828e-01
  1861    7.85843e-01
  1862    7.85885e-01
  1863    7.85917e-01
  1864    7.85932e-01
  1865    7.85948e-01
  1866    7.85990e-01
  1867    7.86006e-01
  1868    7.86022e-01
  1869    7.86064e-01
  1870    7.86080e-01
  1871    7.86106e-01
  1872    7.86121e-01
  1873    7.86137e-01
  1874    7.86180e-01
  1875    7.86196e-01
  1876    7.86222e-01
  1877    7.86238e-01
  1878    7.86281e-01
  1879    7.86307e-01
  1880    7.86323e-01
  1881    7.86350e-01
  1882    7.86366e-01
  1883    7.86409e-01
  1884    7.86436e-01
  1885    7.86435e-01
  1886    7.86479e-01
  1887    7.86478e-01
  1888    7.86522e-01
  1889    7.86549e-01
  1890    7.86576e-01
  1891    7.86592e-01
  1892    7.86619e-01
  1893    7.86646e-01
  1894    7.86673e-01
  1895    7.86700e-01
  1896    7.86700e-01
  1897    7.86744e-01
  1898    7.86771e-01
  1899    7.86798e-01
  1900    7.86826e-01
  1901    7.86853e-01
  1902    7.86880e-01
  1903    7.86908e-01
  1904    7.86918e-01
  1905    7.86946e-01
  1906    7.86973e-01
  1907    7.87001e-01
  1908    7.87029e-01
  1909    7.87056e-01
  1910    7.87067e-01
  1911    7.87095e-01
  1912    7.87123e-01
  1913    7.87134e-01
  1914    7.87162e-01
  1915    7.87172e-01
  1916    7.87200e-01
  1917    7.87256e-01
  1918    7.87267e-01
  1919    7.87295e-01
  1920    7.87306e-01
  1921    7.87317e-01
  1922    7.87374e-01
  1923    7.87385e-01
  1924    7.87413e-01
  1925    7.87424e-01
  1926    7.87463e-01
  1927    7.87475e-01
  1928    7.87503e-01
  1929    7.87542e-01
  1930    7.87554e-01
  1931    7.87565e-01
  1932    7.87605e-01
  1933    7.87616e-01
  1934    7.87655e-01
  1935    7.87667e-01
  1936    7.87724e-01
  1937    7.87718e-01
  1938    7.87758e-01
  1939    7.87769e-01
  1940    7.87809e-01
  1941    7.87821e-01
  1942    7.87861e-01
  1943    7.87873e-01
  1944    7.87913e-01
  1945    7.87907e-01
  1946    7.87947e-01
  1947    7.87959e-01
  1948    7.87999e-01
  1949    7.88022e-01
  1950    7.88034e-01
  1951    7.88075e-01
  1952    7.88097e-01
  1953    7.88110e-01
  1954    7.88132e-01
  1955    7.88173e-01
  1956    7.88196e-01
  1957    7.88208e-01
  1958    7.88231e-01
  1959    7.88272e-01
  1960    7.88296e-01
  1961    7.88319e-01
  1962    7.88331e-01
  1963    7.88354e-01
  1964    7.88378e-01
  1965    7.88419e-01
  1966    7.88442e-01
  1967    7.88466e-01
  1968    7.88489e-01
  1969    7.88513e-01
  1970    7.88554e-01
  1971    7.88578e-01
  1972    7.88573e-01
  1973    7.88596e-01
  1974    7.88620e-01
  1975    7.88644e-01
  1976    7.88697e-01
  1977    7.88721e-01
  1978    7.88745e-01
  1979    7.88768e-01
  1980    7.88792e-01
  1981    7.88798e-01
  1982    7.88822e-01
  1983    7.88846e-01
  1984    7.88871e-01
  1985    7.88895e-01
  1986    7.88930e-01
  1987    7.88954e-01
  1988    7.88979e-01
  1989    7.88985e-01
  1990    7.89039e-01
  1991    7.89063e-01
  1992    7.89069e-01
  1993    7.89094e-01
  1994    7.89129e-01
  1995    7.89154e-01
  1996    7.89160e-01
  1997    7.89215e-01
  1998    7.89221e-01
  1999    7.89246e-01
  2000    7.89282e-01
  2001    7.89306e-01
  2002    7.89343e-01
  2003    7.89349e-01
  2004    7.89404e-01
  2005    7.89410e-01
  2006    7.89447e-01
  2007    7.89453e-01
  2008    7.89508e-01
  2009    7.89515e-01
  2010    7.89551e-01
  2011    7.89558e-01
  2012    7.89595e-01
  2013    7.89601e-01
  2014    7.89638e-01
  2015    7.89694e-01
  2016    7.89700e-01
  2017    7.89737e-01
  2018    7.89774e-01
  2019    7.89781e-01
  2020    7.89799e-01
  2021    7.89837e-01
  2022    7.89844e-01
  2023    7.89881e-01
  2024    7.89918e-01
  2025    7.89955e-01
  2026    7.89962e-01
  2027    7.89981e-01
  2028    7.90018e-01
  2029    7.90056e-01
  2030    7.90094e-01
  2031    7.90082e-01
  2032    7.90120e-01
  2033    7.90157e-01
  2034    7.90176e-01
  2035    7.90214e-01
  2036    7.90252e-01
  2037    7.90271e-01
  2038    7.90278e-01
  2039    7.90297e-01
  2040    7.90335e-01
  2041    7.90354e-01
  2042    7.90393e-01
  2043    7.90412e-01
  2044    7.90431e-01
  2045    7.90469e-01
  2046    7.90488e-01
  2047    7.90527e-01
  2048    7.90546e-01
  2049    7.90566e-01
  2050    7.90585e-01
  2051    7.90624e-01
  2052    7.90643e-01
  2053    7.90663e-01
  2054    7.90682e-01
  2055    7.90721e-01
  2056    7.90741e-01
  2057    7.90760e-01
  2058    7.90811e-01
  2059    7.90831e-01
  2060    7.90850e-01
  2061    7.90870e-01
  2062    7.90890e-01
  2063    7.90910e-01
  2064    7.90930e-01
  2065    7.90949e-01
  2066    7.91001e-01
  2067    7.91021e-01
  2068    7.91041e-01
  2069    7.91061e-01
  2070    7.91081e-01
  2071    7.91113e-01
  2072    7.91133e-01
  2073    7.91153e-01
  2074    7.91173e-01
  2075    7.91205e-01
  2076    7.91226e-01
  2077    7.91246e-01
  2078    7.91266e-01
  2079    7.91299e-01
  2080    7.91319e-01
  2081    7.91340e-01
  2082    7.91372e-01
  2083    7.91393e-01
  2084    7.91393e-01
  2085    7.91446e-01
  2086    7.91446e-01
  2087    7.91499e-01
  2088    7.91500e-01
  2089    7.91521e-01
  2090    7.91553e-01
  2091    7.91574e-01
  2092    7.91607e-01
  2093    7.91628e-01
  2094    7.91661e-01
  2095    7.91662e-01
  2096    7.91715e-01
  2097    7.91716e-01
  2098    7.91749e-01
  2099    7.91750e-01
  2100    7.91803e-01
  2101    7.91804e-01
  2102    7.91838e-01
  2103    7.91839e-01
  2104    7.91872e-01
  2105    7.91893e-01
  2106    7.91927e-01
  2107    7.91960e-01
  2108    7.91962e-01
  2109    7.91995e-01
  2110    7.92029e-01
  2111    7.92030e-01
  2112    7.92064e-01
  2113    7.92098e-01
  2114    7.92099e-01
  2115    7.92133e-01
  2116    7.92167e-01
  2117    7.92168e-01
  2118    7.92202e-01
  2119    7.92236e-01
  2120    7.92250e-01
  2121    7.92251e-01
  2122    7.92285e-01
  2123    7.92320e-01
  2124    7.92354e-01
  2125    7.92335e-01
  2126    7.92369e-01
  2127    7.92404e-01
  2128    7.92438e-01
  2129    7.92452e-01
  2130    7.92486e-01
  2131    7.92521e-01
  2132    7.92502e-01
  2133    7.92537e-01
  2134    7.92551e-01
  2135    7.92585e-01
  2136    7.92599e-01
  2137    7.92634e-01
  2138    7.92669e-01
  2139    7.92683e-01
  2140    7.92698e-01
  2141    7.92733e-01
  2142    7.92747e-01
  2143    7.92782e-01
  2144    7.92796e-01
  2145    7.92832e-01
  2146    7.92846e-01
  2147    7.92860e-01
  2148    7.92896e-01
  2149    7.92910e-01
  2150    7.92925e-01
  2151    7.92939e-01
  2152    7.92975e-01
  2153    7.92989e-01
  2154    7.93004e-01
  2155    7.93052e-01
  2156    7.93088e-01
  2157    7.93102e-01
  2158    7.93117e-01
  2159    7.93132e-01
  2160    7.93147e-01
  2161    7.93161e-01
  2162    7.93210e-01
  2163    7.93225e-01
  2164    7.93240e-01
  2165    7.93255e-01
  2166    7.93269e-01
  2167    7.93318e-01
  2168    7.93333e-01
  2169    7.93348e-01
  2170    7.93363e-01
  2171    7.93413e-01
  2172    7.93428e-01
  2173    7.93443e-01
  2174    7.93492e-01
  2175    7.93507e-01
  2176    7.93501e-01
  2177    7.93550e-01
  2178    7.93566e-01
  2179    7.93581e-01
  2180    7.93631e-01
  2181    7.93624e-01
  2182    7.93640e-01
  2183    7.93690e-01
  2184    7.93683e-01
  2185    7.93699e-01
  2186    7.93749e-01
  2187    7.93743e-01
  2188    7.93793e-01
  2189    7.93808e-01
  2190    7.93837e-01
  2191    7.93852e-01
  2192    7.93881e-01
  2193    7.93897e-01
  2194    7.93925e-01
  2195    7.93941e-01
  2196    7.93970e-01
  2197    7.93986e-01
  2198    7.94014e-01
  2199    7.94030e-01
  2200    7.94059e-01
  2201    7.94053e-01
  2202    7.94104e-01
  2203    7.94098e-01
  2204    7.94149e-01
  2205    7.94143e-01
  2206    7.94172e-01
  2207    7.94201e-01
  2208    7.94217e-01
  2209    7.94247e-01
  2210    7.94276e-01
  2211    7.94270e-01
  2212    7.94321e-01
  2213    7.94315e-01
  2214    7.94345e-01
  2215    7.94374e-01
  2216    7.94404e-01
  2217    7.94398e-01
  2218    7.94450e-01
  2219    7.94479e-01
  2220    7.94473e-01
  2221    7.94503e-01
  2222    7.94533e-01
  2223    7.94563e-01
  2224    7.94557e-01
  2225    7.94587e-01
  2226    7.94616e-01
  2227    7.94646e-01
  2228    7.94641e-01
  2229    7.94671e-01
  2230    7.94701e-01
  2231    7.94731e-01
  2232    7.94738e-01
  2233    7.94768e-01
  2234    7.94799e-01
  2235    7.94793e-01
  2236    7.94823e-01
  2237    7.94853e-01
  2238    7.94861e-01
  2239    7.94891e-01
  2240    7.94922e-01
  2241    7.94952e-01
  2242    7.94960e-01
  2243    7.94991e-01
  2244    7.95021e-01
  2245    7.95029e-01
  2246    7.95060e-01
  2247    7.95090e-01
  2248    7.95098e-01
  2249    7.95129e-01
  2250    7.95160e-01
  2251    7.95168e-01
  2252    7.95199e-01
  2253    7.95207e-01
  2254    7.95238e-01
  2255    7.95246e-01
  2256    7.95277e-01
  2257    7.95285e-01
  2258    7.95316e-01
  2259    7.95324e-01
  2260    7.95392e-01
  2261    7.95400e-01
  2262    7.95431e-01
  2263    7.95440e-01
  2264    7.95448e-01
  2265    7.95479e-01
  2266    7.95488e-01
  2267    7.95533e-01
  2268    7.95564e-01
  2269    7.95573e-01
  2270    7.95581e-01
  2271    7.95650e-01
  2272    7.95658e-01
  2273    7.95666e-01
  2274    7.95675e-01
  2275    7.95744e-01
  2276    7.95752e-01
  2277    7.95761e-01
  2278    7.95769e-01
  2279    7.95815e-01
  2280    7.95824e-01
  2281    7.95856e-01
  2282    7.95902e-01
  2283    7.95910e-01
  2284    7.95919e-01
  2285    7.95965e-01
  2286    7.95974e-01
  2287    7.95983e-01
  2288    7.96029e-01
  2289    7.96038e-01
  2290    7.96046e-01
  2291    7.96093e-01
  2292    7.96102e-01
  2293    7.96148e-01
  2294    7.96157e-01
  2295    7.96166e-01
  2296    7.96212e-01
  2297    7.96198e-01
  2298    7.96244e-01
  2299    7.96253e-01
  2300    7.96300e-01
  2301    7.96309e-01
  2302    7.96318e-01
  2303    7.96365e-01
  2304    7.96351e-01
  2305    7.96397e-01
  2306    7.96407e-01
  2307    7.96454e-01
  2308    7.96439e-01
  2309    7.96486e-01
  2310    7.96496e-01
  2311    7.96519e-01
  2312    7.96528e-01
  2313    7.96576e-01
  2314    7.96561e-01
  2315    7.96608e-01
  2316    7.96656e-01
  2317    7.96641e-01
  2318    7.96689e-01
  2319    7.96674e-01
  2320    7.96722e-01
  2321    7.96708e-01
  2322    7.96755e-01
  2323    7.96803e-01
  2324    7.96789e-01
  2325    7.96837e-01
  2326    7.96822e-01
  2327    7.96846e-01
  2328    7.96894e-01
  2329    7.96879e-01
  2330    7.96928e-01
  2331    7.96952e-01
  2332    7.96961e-01
  2333    7.96985e-01
  2334    7.97009e-01
  2335    7.97019e-01
  2336    7.97043e-01
  2337    7.97067e-01
  2338    7.97078e-01
  2339    7.97102e-01
  2340    7.97126e-01
  2341    7.97111e-01
  2342    7.97160e-01
  2343    7.97184e-01
  2344    7.97209e-01
  2345    7.97194e-01
  2346    7.97243e-01
  2347    7.97268e-01
  2348    7.97292e-01
  2349    7.97317e-01
  2350    7.97302e-01
  2351    7.97327e-01
  2352    7.97376e-01
  2353    7.97401e-01
  2354    7.97425e-01
  2355    7.97411e-01
  2356    7.97436e-01
  2357    7.97460e-01
  2358    7.97485e-01
  2359    7.97510e-01
  2360    7.97535e-01
  2361    7.97560e-01
  2362    7.97545e-01
  2363    7.97570e-01
  2364    7.97595e-01
  2365    7.97620e-01
  2366    7.97645e-01
  2367    7.97670e-01
  2368    7.97695e-01
  2369    7.97720e-01
  2370    7.97720e-01
  2371    7.97746e-01
  2372    7.97771e-01
  2373    7.97796e-01
  2374    7.97821e-01
  2375    7.97847e-01
  2376    7.97847e-01
  2377    7.97872e-01
  2378    7.97898e-01
  2379    7.97923e-01
  2380    7.97949e-01
  2381    7.97949e-01
  2382    7.97959e-01
  2383    7.97984e-01
  2384    7.97988e-01
  2385    7.98014e-01
  2386    7.98044e-01
  2387    7.98069e-01
  2388    7.98074e-01
  2389    7.98103e-01
  2390    7.98108e-01
  2391    7.98138e-01
  2392    7.98168e-01
  2393    7.98172e-01
  2394    7.98202e-01
  2395    7.98206e-01
  2396    7.98236e-01
  2397    7.98245e-01
  2398    7.98275e-01
  2399    7.98309e-01
  2400    7.98314e-01
  2401    7.98348e-01
  2402    7.98352e-01
  2403    7.98361e-01
  2404    7.98395e-01
  2405    7.98404e-01
  2406    7.98439e-01
  2407    7.98447e-01
  2408    7.98482e-01
  2409    7.98490e-01
  2410    7.98499e-01
  2411    7.98534e-01
  2412    7.98547e-01
  2413    7.98555e-01
  2414    7.98594e-01
  2415    7.98603e-01
  2416    7.98616e-01
  2417    7.98651e-01
  2418    7.98664e-01
  2419    7.98677e-01
  2420    7.98690e-01
  2421    7.98729e-01
  2422    7.98742e-01
  2423    7.98755e-01
  2424    7.98768e-01
  2425    7.98808e-01
  2426    7.98821e-01
  2427    7.98834e-01
  2428    7.98851e-01
  2429    7.98864e-01
  2430    7.98882e-01
  2431    7.98921e-01
  2432    7.98939e-01
  2433    7.98956e-01
  2434    7.98970e-01
  2435    7.98987e-01
  2436    7.99005e-01
  2437    7.99022e-01
  2438    7.99040e-01
  2439    7.99057e-01
  2440    7.99075e-01
  2441    7.99093e-01
  2442    7.99110e-01
  2443    7.99132e-01
  2444    7.99150e-01
  2445    7.99172e-01
  2446    7.99190e-01
  2447    7.99212e-01
  2448    7.99229e-01
  2449    7.99252e-01
  2450    7.99274e-01
  2451    7.99292e-01
  2452    7.99287e-01
  2453    7.99309e-01
  2454    7.99331e-01
  2455    7.99353e-01
  2456    7.99376e-01
  2457    7.99398e-01
  2458    7.99398e-01
  2459    7.99420e-01
  2460    7.99442e-01
  2461    7.99469e-01
  2462    7.99491e-01
  2463    7.99487e-01
  2464    7.99513e-01
  2465    7.99540e-01
  2466    7.99563e-01
  2467    7.99562e-01
  2468    7.99589e-01
  2469    7.99616e-01
  2470    7.99616e-01
  2471    7.99643e-01
  2472    7.99670e-01
  2473    7.99670e-01
  2474    7.99697e-01
  2475    7.99728e-01
  2476    7.99728e-01
  2477    7.99759e-01
  2478    7.99759e-01
  2479    7.99790e-01
  2480    7.99790e-01
  2481    7.99822e-01
  2482    7.99853e-01
  2483    7.99853e-01
  2484    7.99885e-01
  2485    7.99889e-01
  2486    7.99921e-01
  2487    7.99929e-01
  2488    7.99961e-01
  2489    7.99966e-01
  2490    7.99997e-01
  2491    8.00006e-01
  2492    8.00010e-01
  2493    8.00047e-01
  2494    8.00051e-01
  2495    8.00087e-01
  2496    8.00096e-01
  2497    8.00100e-01
  2498    8.00137e-01
  2499    8.00146e-01
  2500    8.00182e-01
  2501    8.00191e-01
  2502    8.00204e-01
  2503    8.00241e-01
  2504    8.00250e-01
  2505    8.00263e-01
  2506    8.00272e-01
  2507    8.00309e-01
  2508    8.00322e-01
  2509    8.00336e-01
  2510    8.00345e-01
  2511    8.00386e-01
  2512    8.00399e-01
  2513    8.00413e-01
  2514    8.00426e-01
  2515    8.00440e-01
  2516    8.00481e-01
  2517    8.00495e-01
  2518    8.00513e-01
  2519    8.00526e-01
  2520    8.00540e-01
  2521    8.00558e-01
  2522    8.00600e-01
  2523    8.00618e-01
  2524    8.00631e-01
  2525    8.00649e-01
  2526    8.00668e-01
  2527    8.00681e-01
  2528    8.00700e-01
  2529    8.00718e-01
  2530    8.00736e-01
  2531    8.00754e-01
  2532    8.00773e-01
  2533    8.00791e-01
  2534    8.00809e-01
  2535    8.00832e-01
  2536    8.00850e-01
  2537    8.00869e-01
  2538    8.00887e-01
  2539    8.00910e-01
  2540    8.00929e-01
  2541    8.00952e-01
  2542    8.00970e-01
  2543    8.00993e-01
  2544    8.01016e-01
  2545    8.01006e-01
  2546    8.01029e-01
  2547    8.01053e-01
  2548    8.01076e-01
  2549    8.01094e-01
  2550    8.01118e-01
  2551    8.01112e-01
  2552    8.01135e-01
  2553    8.01159e-01
  2554    8.01182e-01
  2555    8.01206e-01
  2556    8.01205e-01
  2557    8.01228e-01
  2558    8.01251e-01
  2559    8.01275e-01
  2560    8.01274e-01
  2561    8.01298e-01
  2562    8.01321e-01
  2563    8.01349e-01
  2564    8.01344e-01
  2565    8.01372e-01
  2566    8.01400e-01
  2567    8.01395e-01
  2568    8.01423e-01
  2569    8.01452e-01
  2570    8.01451e-01
  2571    8.01474e-01
  2572    8.01474e-01
  2573    8.01502e-01
  2574    8.01531e-01
  2575    8.01530e-01
  2576    8.01558e-01
  2577    8.01558e-01
  2578    8.01591e-01
  2579    8.01619e-01
  2580    8.01619e-01
  2581    8.01647e-01
  2582    8.01651e-01
  2583    8.01680e-01
  2584    8.01684e-01
  2585    8.01713e-01
  2586    8.01717e-01
  2587    8.01746e-01
  2588    8.01749e-01
  2589    8.01783e-01
  2590    8.01787e-01
  2591    8.01786e-01
  2592    8.01820e-01
  2593    8.01824e-01
  2594    8.01858e-01
  2595    8.01862e-01
  2596    8.01866e-01
  2597    8.01904e-01
  2598    8.01908e-01
  2599    8.01942e-01
  2600    8.01946e-01
  2601    8.01955e-01
  2602    8.01989e-01
  2603    8.01998e-01
  2604    8.02002e-01
  2605    8.02041e-01
  2606    8.02045e-01
  2607    8.02054e-01
  2608    8.02063e-01
  2609    8.02102e-01
  2610    8.02111e-01
  2611    8.02120e-01
  2612    8.02124e-01
  2613    8.02168e-01
  2614    8.02177e-01
  2615    8.02186e-01
  2616    8.02195e-01
  2617    8.02234e-01
  2618    8.02243e-01
  2619    8.02257e-01
  2620    8.02266e-01
  2621    8.02280e-01
  2622    8.02289e-01
  2623    8.02333e-01
  2624    8.02342e-01
  2625    8.02356e-01
  2626    8.02370e-01
  2627    8.02379e-01
  2628    8.02393e-01
  2629    8.02407e-01
  2630    8.02421e-01
  2631    8.02435e-01
  2632    8.02449e-01
  2633    8.02494e-01
  2634    8.02508e-01
  2635    8.02522e-01
  2636    8.02541e-01
  2637    8.02555e-01
  2638    8.02569e-01
  2639    8.02588e-01
  2640    8.02602e-01
  2641    8.02616e-01
  2642    8.02635e-01
  2643    8.02654e-01
  2644    8.02669e-01
  2645    8.02688e-01
  2646    8.02676e-01
  2647    8.02690e-01
  2648    8.02709e-01
  2649    8.02729e-01
  2650    8.02748e-01
  2651    8.02767e-01
  2652    8.02786e-01
  2653    8.02806e-01
  2654    8.02825e-01
  2655    8.02844e-01
  2656    8.02833e-01
  2657    8.02857e-01
  2658    8.02876e-01
  2659    8.02896e-01
  2660    8.02920e-01
  2661    8.02939e-01
  2662    8.02928e-01
  2663    8.02952e-01
  2664    8.02976e-01
  2665    8.02996e-01
  2666    8.03020e-01
  2667    8.03013e-01
  2668    8.03033e-01
  2669    8.03058e-01
  2670    8.03082e-01
  2671    8.03075e-01
  2672    8.03100e-01
  2673    8.03125e-01
  2674    8.03118e-01
  2675    8.03142e-01
  2676    8.03167e-01
  2677    8.03160e-01
  2678    8.03185e-01
  2679    8.03215e-01
  2680    8.03208e-01
  2681    8.03233e-01
  2682    8.03263e-01
  2683    8.03256e-01
  2684    8.03286e-01
  2685    8.03311e-01
  2686    8.03309e-01
  2687    8.03334e-01
  2688    8.03332e-01
  2689    8.03362e-01
  2690    8.03387e-01
  2691    8.03385e-01
  2692    8.03415e-01
  2693    8.03414e-01
  2694    8.03444e-01
  2695    8.03442e-01
  2696    8.03472e-01
  2697    8.03470e-01
  2698    8.03501e-01
  2699    8.03499e-01
  2700    8.03529e-01
  2701    8.03528e-01
  2702    8.03563e-01
  2703    8.03561e-01
  2704    8.03592e-01
  2705    8.03595e-01
  2706    8.03626e-01
  2707    8.03629e-01
  2708    8.03627e-01
  2709    8.03663e-01
  2710    8.03661e-01
  2711    8.03697e-01
  2712    8.03700e-01
  2713    8.03731e-01
  2714    8.03734e-01
  2715    8.03738e-01
  2716    8.03774e-01
  2717    8.03777e-01
  2718    8.03780e-01
  2719    8.03816e-01
  2720    8.03820e-01
  2721    8.03823e-01
  2722    8.03859e-01
  2723    8.03863e-01
  2724    8.03866e-01
  2725    8.03908e-01
  2726    8.03911e-01
  2727    8.03920e-01
  2728    8.03923e-01
  2729    8.03960e-01
  2730    8.03968e-01
  2731    8.03977e-01
  2732    8.03981e-01
  2733    8.04022e-01
  2734    8.04031e-01
  2735    8.04035e-01
  2736    8.04043e-01
  2737    8.04052e-01
  2738    8.04094e-01
  2739    8.04103e-01
  2740    8.04111e-01
  2741    8.04120e-01
  2742    8.04129e-01
  2743    8.04171e-01
  2744    8.04185e-01
  2745    8.04194e-01
  2746    8.04203e-01
  2747    8.04217e-01
  2748    8.04226e-01
  2749    8.04240e-01
  2750    8.04249e-01
  2751    8.04296e-01
  2752    8.04305e-01
  2753    8.04319e-01
  2754    8.04333e-01
  2755    8.04348e-01
  2756    8.04357e-01
  2757    8.04371e-01
  2758    8.04385e-01
  2759    8.04399e-01
  2760    8.04414e-01
  2761    8.04428e-01
  2762    8.04447e-01
  2763    8.04462e-01
  2764    8.04476e-01
  2765    8.04491e-01
  2766    8.04510e-01
  2767    8.04525e-01
  2768    8.04539e-01
  2769    8.04559e-01
  2770    8.04573e-01
  2771    8.04593e-01
  2772    8.04607e-01
  2773    8.04627e-01
  2774    8.04647e-01
  2775    8.04662e-01
  2776    8.04648e-01
  2777    8.04667e-01
  2778    8.04687e-01
  2779    8.04707e-01
  2780    8.04727e-01
  2781    8.04742e-01
  2782    8.04762e-01
  2783    8.04782e-01
  2784    8.04773e-01
  2785    8.04793e-01
  2786    8.04813e-01
  2787    8.04833e-01
  2788    8.04853e-01
  2789    8.04873e-01
  2790    8.04865e-01
  2791    8.04885e-01
  2792    8.04905e-01
  2793    8.04931e-01
  2794    8.04951e-01
  2795    8.04942e-01
  2796    8.04962e-01
  2797    8.04988e-01
  2798    8.05008e-01
  2799    8.05000e-01
  2800    8.05020e-01
  2801    8.05046e-01
  2802    8.05066e-01
  2803    8.05058e-01
  2804    8.05083e-01
  2805    8.05109e-01
  2806    8.05095e-01
  2807    8.05121e-01
  2808    8.05147e-01
  2809    8.05138e-01
  2810    8.05164e-01
  2811    8.05190e-01
  2812    8.05182e-01
  2813    8.05208e-01
  2814    8.05234e-01
  2815    8.05225e-01
  2816    8.05251e-01
  2817    8.05277e-01
  2818    8.05269e-01
  2819    8.05295e-01
  2820    8.05292e-01
  2821    8.05318e-01
  2822    8.05344e-01
  2823    8.05335e-01
  2824    8.05367e-01
  2825    8.05359e-01
  2826    8.05390e-01
  2827    8.05382e-01
  2828    8.05414e-01
  2829    8.05405e-01
  2830    8.05437e-01
  2831    8.05463e-01
  2832    8.05460e-01
  2833    8.05492e-01
  2834    8.05484e-01
  2835    8.05516e-01
  2836    8.05512e-01
  2837    8.05544e-01
  2838    8.05541e-01
  2839    8.05538e-01
  2840    8.05570e-01
  2841    8.05567e-01
  2842    8.05599e-01
  2843    8.05596e-01
  2844    8.05629e-01
  2845    8.05626e-01
  2846    8.05658e-01
  2847    8.05655e-01
  2848    8.05652e-01
  2849    8.05690e-01
  2850    8.05687e-01
  2851    8.05719e-01
  2852    8.05721e-01
  2853    8.05718e-01
  2854    8.05757e-01
  2855    8.05753e-01
  2856    8.05756e-01
  2857    8.05794e-01
  2858    8.05791e-01
  2859    8.05794e-01
  2860    8.05832e-01
  2861    8.05829e-01
  2862    8.05831e-01
  2863    8.05870e-01
  2864    8.05872e-01
  2865    8.05875e-01
  2866    8.05913e-01
  2867    8.05916e-01
  2868    8.05918e-01
  2869    8.05921e-01
  2870    8.05960e-01
  2871    8.05962e-01
  2872    8.05970e-01
  2873    8.05973e-01
  2874    8.06012e-01
  2875    8.06014e-01
  2876    8.06023e-01
  2877    8.06025e-01
  2878    8.06070e-01
  2879    8.06072e-01
  2880    8.06081e-01
  2881    8.06083e-01
  2882    8.06092e-01
  2883    8.06094e-01
  2884    8.06139e-01
  2885    8.06147e-01
  2886    8.06150e-01
  2887    8.06159e-01
  2888    8.06167e-01
  2889    8.06175e-01
  2890    8.06220e-01
  2891    8.06223e-01
  2892    8.06231e-01
  2893    8.06240e-01
  2894    8.06248e-01
  2895    8.06257e-01
  2896    8.06265e-01
  2897    8.06279e-01
  2898    8.06288e-01
  2899    8.06296e-01
  2900    8.06342e-01
  2901    8.06350e-01
  2902    8.06364e-01
  2903    8.06373e-01
  2904    8.06382e-01
  2905    8.06396e-01
  2906    8.06405e-01
  2907    8.06419e-01
  2908    8.06427e-01
  2909    8.06442e-01
  2910    8.06450e-01
  2911    8.06465e-01
  2912    8.06474e-01
  2913    8.06488e-01
  2914    8.06502e-01
  2915    8.06511e-01
  2916    8.06526e-01
  2917    8.06540e-01
  2918    8.06555e-01
  2919    8.06569e-01
  2920    8.06584e-01
  2921    8.06598e-01
  2922    8.06613e-01
  2923    8.06590e-01
  2924    8.06605e-01
  2925    8.06619e-01
  2926    8.06634e-01
  2927    8.06648e-01
  2928    8.06663e-01
  2929    8.06678e-01
  2930    8.06698e-01
  2931    8.06713e-01
  2932    8.06728e-01
  2933    8.06705e-01
  2934    8.06725e-01
  2935    8.06740e-01
  2936    8.06761e-01
  2937    8.06775e-01
  2938    8.06796e-01
  2939    8.06811e-01
  2940    8.06794e-01
  2941    8.06815e-01
  2942    8.06829e-01
  2943    8.06850e-01
  2944    8.06871e-01
  2945    8.06848e-01
  2946    8.06869e-01
  2947    8.06890e-01
  2948    8.06910e-01
  2949    8.06931e-01
  2950    8.06914e-01
  2951    8.06935e-01
  2952    8.06956e-01
  2953    8.06977e-01
  2954    8.06960e-01
  2955    8.06981e-01
  2956    8.07002e-01
  2957    8.07023e-01
  2958    8.07006e-01
  2959    8.07033e-01
  2960    8.07054e-01
  2961    8.07036e-01
  2962    8.07058e-01
  2963    8.07085e-01
  2964    8.07067e-01
  2965    8.07094e-01
  2966    8.07116e-01
  2967    8.07104e-01
  2968    8.07126e-01
  2969    8.07153e-01
  2970    8.07136e-01
  2971    8.07163e-01
  2972    8.07190e-01
  2973    8.07173e-01
  2974    8.07200e-01
  2975    8.07227e-01
  2976    8.07210e-01
  2977    8.07237e-01
  2978    8.07226e-01
  2979    8.07254e-01
  2980    8.07281e-01
  2981    8.07270e-01
  2982    8.07297e-01
  2983    8.07286e-01
  2984    8.07313e-01
  2985    8.07341e-01
  2986    8.07330e-01
  2987    8.07357e-01
  2988    8.07346e-01
  2989    8.07374e-01
  2990    8.07368e-01
  2991    8.07396e-01
  2992    8.07385e-01
  2993    8.07418e-01
  2994    8.07407e-01
  2995    8.07435e-01
  2996    8.07430e-01
  2997    8.07457e-01
  2998    8.07446e-01
  2999    8.07480e-01
  3000    8.07469e-01
  3001    8.07503e-01
  3002    8.07497e-01
  3003    8.07525e-01
  3004    8.07520e-01
  3005    8.07554e-01
  3006    8.07543e-01
  3007    8.07577e-01
  3008    8.07572e-01
  3009    8.07560e-01
  3010    8.07595e-01
  3011    8.07589e-01
  3012    8.07624e-01
  3013    8.07618e-01
  3014    8.07613e-01
  3015    8.07648e-01
  3016    8.07642e-01
  3017    8.07677e-01
  3018    8.07671e-01
  3019    8.07666e-01
  3020    8.07701e-01
  3021    8.07696e-01
  3022    8.07736e-01
  3023    8.07731e-01
  3024    8.07726e-01
  3025    8.07760e-01
  3026    8.07761e-01
  3027    8.07756e-01
  3028    8.07791e-01
  3029    8.07792e-01
  3030    8.07787e-01
  3031    8.07827e-01
  3032    8.07822e-01
  3033    8.07823e-01
  3034    8.07824e-01
  3035    8.07859e-01
  3036    8.07860e-01
  3037    8.07861e-01
  3038    8.07896e-01
  3039    8.07897e-01
  3040    8.07898e-01
  3041    8.07899e-01
  3042    8.07940e-01
  3043    8.07941e-01
  3044    8.07942e-01
  3045    8.07943e-01
  3046    8.07985e-01
  3047    8.07978e-01
  3048    8.07987e-01
  3049    8.08000e-01
  3050    8.08009e-01
  3051    8.08018e-01
  3052    8.08034e-01
  3053    8.08043e-01
  3054    8.08052e-01
  3055    8.08068e-01
  3056    8.08073e-01
  3057    8.08082e-01
  3058    8.08098e-01
  3059    8.08107e-01
  3060    8.08118e-01
  3061    8.08128e-01
  3062    8.08139e-01
  3063    8.08155e-01
  3064    8.08160e-01
  3065    8.08171e-01
  3066    8.08187e-01
  3067    8.08192e-01
  3068    8.08204e-01
  3069    8.08216e-01
  3070    8.08227e-01
  3071    8.08239e-01
  3072    8.08250e-01
  3073    8.08262e-01
  3074    8.08274e-01
  3075    8.08285e-01
  3076    8.08297e-01
  3077    8.08309e-01
  3078    8.08316e-01
  3079    8.08328e-01
  3080    8.08336e-01
  3081    8.08347e-01
  3082    8.08355e-01
  3083    8.08373e-01
  3084    8.08381e-01
  3085    8.08392e-01
  3086    8.08400e-01
  3087    8.08414e-01
  3088    8.08422e-01
  3089    8.08436e-01
  3090    8.08448e-01
  3091    8.08455e-01
  3092    8.08470e-01
  3093    8.08477e-01
  3094    8.08487e-01
  3095    8.08495e-01
  3096    8.08509e-01
  3097    8.08517e-01
  3098    8.08527e-01
  3099    8.08541e-01
  3100    8.08549e-01
  3101    8.08559e-01
  3102    8.08573e-01
  3103    8.08577e-01
  3104    8.08591e-01
  3105    8.08601e-01
  3106    8.08605e-01
  3107    8.08615e-01
  3108    8.08630e-01
  3109    8.08640e-01
  3110    8.08650e-01
  3111    8.08654e-01
  3112    8.08664e-01
  3113    8.08674e-01
  3114    8.08684e-01
  3115    8.08694e-01
  3116    8.08700e-01
  3117    8.08711e-01
  3118    8.08721e-01
  3119    8.08731e-01
  3120    8.08737e-01
  3121    8.08747e-01
  3122    8.08754e-01
  3123    8.08770e-01
  3124    8.08776e-01
  3125    8.08787e-01
  3126    8.08793e-01
  3127    8.08799e-01
  3128    8.08812e-01
  3129    8.08822e-01
  3130    8.08828e-01
  3131    8.08841e-01
  3132    8.08847e-01
  3133    8.08853e-01
  3134    8.08866e-01
  3135    8.08872e-01
  3136    8.08885e-01
  3137    8.08887e-01
  3138    8.08899e-01
  3139    8.08906e-01
  3140    8.08914e-01
  3141    8.08920e-01
  3142    8.08933e-01
  3143    8.08942e-01
  3144    8.08948e-01
  3145    8.08956e-01
  3146    8.08965e-01
  3147    8.08978e-01
  3148    8.08980e-01
  3149    8.08988e-01
  3150    8.09001e-01
  3151    8.09010e-01
  3152    8.09019e-01
  3153    8.09027e-01
  3154    8.09036e-01
  3155    8.09045e-01
  3156    8.09053e-01
  3157    8.09062e-01
  3158    8.09066e-01
  3159    8.09075e-01
  3160    8.09084e-01
  3161    8.09092e-01
  3162    8.09097e-01
  3163    8.09112e-01
  3164    8.09116e-01
  3165    8.09125e-01
  3166    8.09130e-01
  3167    8.09145e-01
  3168    8.09149e-01
  3169    8.09158e-01
  3170    8.09169e-01
  3171    8.09174e-01
  3172    8.09185e-01
  3173    8.09189e-01
  3174    8.09200e-01
  3175    8.09209e-01
  3176    8.09221e-01
  3177    8.09225e-01
  3178    8.09232e-01
  3179    8.09243e-01
  3180    8.09248e-01
  3181    8.09259e-01
  3182    8.09270e-01
  3183    8.09277e-01
  3184    8.09281e-01
  3185    8.09293e-01
  3186    8.09300e-01
  3187    8.09311e-01
  3188    8.09318e-01
  3189    8.09329e-01
  3190    8.09336e-01
  3191    8.09343e-01
  3192    8.09354e-01
  3193    8.09361e-01
  3194    8.09368e-01
  3195    8.09375e-01
  3196    8.09382e-01
  3197    8.09389e-01
  3198    8.09396e-01
  3199    8.09403e-01
  3200    8.09410e-01
  3201    8.09424e-01
  3202    8.09431e-01
  3203    8.09438e-01
  3204    8.09445e-01
  3205    8.09454e-01
  3206    8.09462e-01
  3207    8.09475e-01
  3208    8.09478e-01
  3209    8.09485e-01
  3210    8.09495e-01
  3211    8.09502e-01
  3212    8.09511e-01
  3213    8.09518e-01
  3214    8.09528e-01
  3215    8.09530e-01
  3216    8.09544e-01
  3217    8.09554e-01
  3218    8.09557e-01
  3219    8.09566e-01
  3220    8.09576e-01
  3221    8.09578e-01
  3222    8.09588e-01
  3223    8.09598e-01
  3224    8.09607e-01
  3225    8.09610e-01
  3226    8.09620e-01
  3227    8.09625e-01
  3228    8.09634e-01
  3229    8.09644e-01
  3230    8.09649e-01
  3231    8.09659e-01
  3232    8.09668e-01
  3233    8.09674e-01
  3234    8.09683e-01
  3235    8.09688e-01
  3236    8.09694e-01
  3237    8.09703e-01
  3238    8.09709e-01
  3239    8.09714e-01
  3240    8.09723e-01
  3241    8.09736e-01
  3242    8.09741e-01
  3243    8.09746e-01
  3244    8.09751e-01
  3245    8.09764e-01
  3246    8.09769e-01
  3247    8.09774e-01
  3248    8.09786e-01
  3249    8.09792e-01
  3250    8.09797e-01
  3251    8.09805e-01
  3252    8.09810e-01
  3253    8.09822e-01
  3254    8.09823e-01
  3255    8.09835e-01
  3256    8.09841e-01
  3257    8.09848e-01
  3258    8.09854e-01
  3259    8.09861e-01
  3260    8.09862e-01
  3261    8.09874e-01
  3262    8.09882e-01
  3263    8.09883e-01
  3264    8.09895e-01
  3265    8.09903e-01
  3266    8.09911e-01
  3267    8.09912e-01
  3268    8.09920e-01
  3269    8.09928e-01
  3270    8.09935e-01
  3271    8.09943e-01
  3272    8.09951e-01
  3273    8.09959e-01
  3274    8.09967e-01
  3275    8.09970e-01
  3276    8.09978e-01
  3277    8.09986e-01
  3278    8.09994e-01
  3279    8.09997e-01
  3280    8.10005e-01
  3281    8.10008e-01
  3282    8.10016e-01
  3283    8.10027e-01
  3284    8.10035e-01
  3285    8.10038e-01
  3286    8.10041e-01
  3287    8.10057e-01
  3288    8.10060e-01
  3289    8.10063e-01
  3290    8.10074e-01
  3291    8.10082e-01
  3292    8.10092e-01
  3293    8.10096e-01
  3294    8.10106e-01
  3295    8.10110e-01
  3296    8.10120e-01
  3297    8.10124e-01
  3298    8.10129e-01
  3299    8.10133e-01
  3300    8.10143e-01
  3301    8.10154e-01
  3302    8.10165e-01
  3303    8.10163e-01
  3304    8.10174e-01
  3305    8.10180e-01
  3306    8.10191e-01
  3307    8.10196e-01
  3308    8.10200e-01
  3309    8.10206e-01
  3310    8.10217e-01
  3311    8.10223e-01
  3312    8.10229e-01
  3313    8.10239e-01
  3314    8.10245e-01
  3315    8.10251e-01
  3316    8.10257e-01
  3317    8.10275e-01
  3318    8.10281e-01
  3319    8.10287e-01
  3320    8.10293e-01
  3321    8.10299e-01
  3322    8.10313e-01
  3323    8.10319e-01
  3324    8.10320e-01
  3325    8.10326e-01
  3326    8.10340e-01
  3327    8.10346e-01
  3328    8.10347e-01
  3329    8.10360e-01
  3330    8.10366e-01
  3331    8.10375e-01
  3332    8.10381e-01
  3333    8.10390e-01
  3334    8.10396e-01
  3335    8.10405e-01
  3336    8.10411e-01
  3337    8.10419e-01
  3338    8.10421e-01
  3339    8.10434e-01
  3340    8.10436e-01
  3341    8.10444e-01
  3342    8.10453e-01
  3343    8.10459e-01
  3344    8.10468e-01
  3345    8.10477e-01
  3346    8.10478e-01
  3347    8.10487e-01
  3348    8.10496e-01
  3349    8.10505e-01
  3350    8.10509e-01
  3351    8.10510e-01
  3352    8.10519e-01
  3353    8.10528e-01
  3354    8.10537e-01
  3355    8.10541e-01
  3356    8.10549e-01
  3357    8.10551e-01
  3358    8.10555e-01
  3359    8.10564e-01
  3360    8.10568e-01
  3361    8.10577e-01
  3362    8.10581e-01
  3363    8.10590e-01
  3364    8.10594e-01
  3365    8.10598e-01
  3366    8.10602e-01
  3367    8.10611e-01
  3368    8.10615e-01
  3369    8.10619e-01
  3370    8.10630e-01
  3371    8.10634e-01
  3372    8.10638e-01
  3373    8.10642e-01
  3374    8.10646e-01
  3375    8.10651e-01
  3376    8.10662e-01
  3377    8.10666e-01
  3378    8.10670e-01
  3379    8.10682e-01
  3380    8.10686e-01
  3381    8.10685e-01
  3382    8.10697e-01
  3383    8.10701e-01
  3384    8.10700e-01
  3385    8.10712e-01
  3386    8.10716e-01
  3387    8.10723e-01
  3388    8.10727e-01
  3389    8.10734e-01
  3390    8.10733e-01
  3391    8.10745e-01
  3392    8.10744e-01
  3393    8.10751e-01
  3394    8.10755e-01
  3395    8.10762e-01
  3396    8.10769e-01
  3397    8.10768e-01
  3398    8.10775e-01
  3399    8.10786e-01
  3400    8.10786e-01
  3401    8.10792e-01
  3402    8.10799e-01
  3403    8.10806e-01
  3404    8.10805e-01
  3405    8.10807e-01
  3406    8.10814e-01
  3407    8.10821e-01
  3408    8.10828e-01
  3409    8.10835e-01
  3410    8.10837e-01
  3411    8.10844e-01
  3412    8.10850e-01
  3413    8.10852e-01
  3414    8.10859e-01
  3415    8.10861e-01
  3416    8.10868e-01
  3417    8.10870e-01
  3418    8.10877e-01
  3419    8.10879e-01
  3420    8.10886e-01
  3421    8.10895e-01
  3422    8.10897e-01
  3423    8.10899e-01
  3424    8.10906e-01
  3425    8.10908e-01
  3426    8.10918e-01
  3427    8.10920e-01
  3428    8.10922e-01
  3429    8.10931e-01
  3430    8.10933e-01
  3431    8.10935e-01
  3432    8.10945e-01
  3433    8.10947e-01
  3434    8.10957e-01
  3435    8.10959e-01
  3436    8.10968e-01
  3437    8.10965e-01
  3438    8.10975e-01
  3439    8.10977e-01
  3440    8.10987e-01
  3441    8.10984e-01
  3442    8.10993e-01
  3443    8.10998e-01
  3444    8.11000e-01
  3445    8.11005e-01
  3446    8.11015e-01
  3447    8.11011e-01
  3448    8.11021e-01
  3449    8.11026e-01
  3450    8.11036e-01
  3451    8.11033e-01
  3452    8.11037e-01
  3453    8.11042e-01
  3454    8.11052e-01
  3455    8.11057e-01
  3456    8.11062e-01
  3457    8.11066e-01
  3458    8.11063e-01
  3459    8.11068e-01
  3460    8.11073e-01
  3461    8.11077e-01
  3462    8.11082e-01
  3463    8.11087e-01
  3464    8.11092e-01
  3465    8.11096e-01
  3466    8.11104e-01
  3467    8.11109e-01
  3468    8.11114e-01
  3469    8.11118e-01
  3470    8.11118e-01
  3471    8.11123e-01
  3472    8.11128e-01
  3473    8.11135e-01
  3474    8.11140e-01
  3475    8.11140e-01
  3476    8.11144e-01
  3477    8.11152e-01
  3478    8.11157e-01
  3479    8.11156e-01
  3480    8.11164e-01
  3481    8.11169e-01
  3482    8.11169e-01
  3483    8.11176e-01
  3484    8.11176e-01
  3485    8.11183e-01
  3486    8.11188e-01
  3487    8.11188e-01
  3488    8.11196e-01
  3489    8.11195e-01
  3490    8.11203e-01
  3491    8.11211e-01
  3492    8.11210e-01
  3493    8.11218e-01
  3494    8.11217e-01
  3495    8.11225e-01
  3496    8.11220e-01
  3497    8.11227e-01
  3498    8.11235e-01
  3499    8.11235e-01
  3500    8.11237e-01
  3501    8.11245e-01
  3502    8.11252e-01
  3503    8.11247e-01
  3504    8.11255e-01
  3505    8.11257e-01
  3506    8.11265e-01
  3507    8.11267e-01
  3508    8.11267e-01
  3509    8.11269e-01
  3510    8.11277e-01
  3511    8.11280e-01
  3512    8.11282e-01
  3513    8.11290e-01
  3514    8.11292e-01
  3515    8.11295e-01
  3516    8.11297e-01
  3517    8.11300e-01
  3518    8.11307e-01
  3519    8.11310e-01
  3520    8.11312e-01
  3521    8.11315e-01
  3522    8.11317e-01
  3523    8.11320e-01
  3524    8.11322e-01
  3525    8.11333e-01
  3526    8.11330e-01
  3527    8.11333e-01
  3528    8.11335e-01
  3529    8.11346e-01
  3530    8.11348e-01
  3531    8.11346e-01
  3532    8.11348e-01
  3533    8.11359e-01
  3534    8.11356e-01
  3535    8.11358e-01
  3536    8.11369e-01
  3537    8.11366e-01
  3538    8.11377e-01
  3539    8.11374e-01
  3540    8.11385e-01
  3541    8.11382e-01
  3542    8.11387e-01
  3543    8.11390e-01
  3544    8.11395e-01
  3545    8.11393e-01
  3546    8.11403e-01
  3547    8.11409e-01
  3548    8.11406e-01
  3549    8.11411e-01
  3550    8.11417e-01
  3551    8.11414e-01
  3552    8.11425e-01
  3553    8.11430e-01
  3554    8.11436e-01
  3555    8.11441e-01
  3556    8.11438e-01
  3557    8.11444e-01
  3558    8.11444e-01
  3559    8.11449e-01
  3560    8.11455e-01
  3561    8.11460e-01
  3562    8.11466e-01
  3563    8.11466e-01
  3564    8.11471e-01
  3565    8.11477e-01
  3566    8.11482e-01
  3567    8.11482e-01
  3568    8.11488e-01
  3569    8.11488e-01
  3570    8.11493e-01
  3571    8.11493e-01
  3572    8.11499e-01
  3573    8.11507e-01
  3574    8.11513e-01
  3575    8.11513e-01
  3576    8.11518e-01
  3577    8.11518e-01
  3578    8.11527e-01
  3579    8.11527e-01
  3580    8.11532e-01
  3581    8.11541e-01
  3582    8.11541e-01
  3583    8.11541e-01
  3584    8.11549e-01
  3585    8.11549e-01
  3586    8.11555e-01
  3587    8.11563e-01
  3588    8.11563e-01
  3589    8.11572e-01
  3590    8.11572e-01
  3591    8.11575e-01
  3592    8.11575e-01
  3593    8.11575e-01
  3594    8.11583e-01
  3595    8.11584e-01
  3596    8.11592e-01
  3597    8.11595e-01
  3598    8.11595e-01
  3599    8.11604e-01
  3600    8.11598e-01
  3601    8.11607e-01
  3602    8.11607e-01
  3603    8.11610e-01
  3604    8.11618e-01
  3605    8.11613e-01
  3606    8.11621e-01
  3607    8.11624e-01
  3608    8.11625e-01
  3609    8.11628e-01
  3610    8.11631e-01
  3611    8.11631e-01
  3612    8.11634e-01
  3613    8.11637e-01
  3614    8.11645e-01
  3615    8.11640e-01
  3616    8.11643e-01
  3617    8.11646e-01
  3618    8.11649e-01
  3619    8.11658e-01
  3620    8.11661e-01
  3621    8.11655e-01
  3622    8.11658e-01
  3623    8.11661e-01
  3624    8.11664e-01
  3625    8.11667e-01
  3626    8.11670e-01
  3627    8.11668e-01
  3628    8.11671e-01
  3629    8.11674e-01
  3630    8.11677e-01
  3631    8.11680e-01
  3632    8.11683e-01
  3633    8.11680e-01
  3634    8.11683e-01
  3635    8.11686e-01
  3636    8.11684e-01
  3637    8.11687e-01
  3638    8.11684e-01
  3639    8.11687e-01
  3640    8.11699e-01
  3641    8.11696e-01
  3642    8.11699e-01
  3643    8.11697e-01
  3644    8.11694e-01
  3645    8.11706e-01
  3646    8.11703e-01
  3647    8.11701e-01
  3648    8.11704e-01
  3649    8.11710e-01
  3650    8.11707e-01
  3651    8.11704e-01
  3652    8.11716e-01
  3653    8.11714e-01
  3654    8.11711e-01
  3655    8.11717e-01
  3656    8.11715e-01
  3657    8.11721e-01
  3658    8.11718e-01
  3659    8.11724e-01
  3660    8.11721e-01
  3661    8.11728e-01
  3662    8.11725e-01
  3663    8.11731e-01
  3664    8.11728e-01
  3665    8.11735e-01
  3666    8.11741e-01
  3667    8.11732e-01
  3668    8.11738e-01
  3669    8.11736e-01
  3670    8.11742e-01
  3671    8.11742e-01
  3672    8.11740e-01
  3673    8.11740e-01
  3674    8.11746e-01
  3675    8.11752e-01
  3676    8.11744e-01
  3677    8.11750e-01
  3678    8.11750e-01
  3679    8.11757e-01
  3680    8.11757e-01
  3681    8.11754e-01
  3682    8.11755e-01
  3683    8.11755e-01
  3684    8.11761e-01
  3685    8.11762e-01
  3686    8.11762e-01
  3687    8.11762e-01
  3688    8.11769e-01
  3689    8.11769e-01
  3690    8.11769e-01
  3691    8.11770e-01
  3692    8.11770e-01
  3693    8.11771e-01
  3694    8.11771e-01
  3695    8.11771e-01
  3696    8.11772e-01
  3697    8.11772e-01
  3698    8.11772e-01
  3699    8.11773e-01
  3700    8.11782e-01
  3701    8.11783e-01
  3702    8.11783e-01
  3703    8.11783e-01
  3704    8.11784e-01
  3705    8.11787e-01
  3706    8.11787e-01
  3707    8.11788e-01
  3708    8.11788e-01
  3709    8.11792e-01
  3710    8.11792e-01
  3711    8.11787e-01
  3712    8.11796e-01
  3713    8.11796e-01
  3714    8.11791e-01
  3715    8.11800e-01
  3716    8.11795e-01
  3717    8.11795e-01
  3718    8.11799e-01
  3719    8.11799e-01
  3720    8.11802e-01
  3721    8.11797e-01
  3722    8.11806e-01
  3723    8.11801e-01
  3724    8.11804e-01
  3725    8.11799e-01
  3726    8.11808e-01
  3727    8.11802e-01
  3728    8.11806e-01
  3729    8.11810e-01
  3730    8.11804e-01
  3731    8.11807e-01
  3732    8.11808e-01
  3733    8.11811e-01
  3734    8.11815e-01
  3735    8.11809e-01
  3736    8.11813e-01
  3737    8.11816e-01
  3738    8.11814e-01
  3739    8.11808e-01
  3740    8.11812e-01
  3741    8.11815e-01
  3742    8.11819e-01
  3743    8.11813e-01
  3744    8.11817e-01
  3745    8.11814e-01
  3746    8.11818e-01
  3747    8.11821e-01
  3748    8.11819e-01
  3749    8.11813e-01
  3750    8.11816e-01
  3751    8.11814e-01
  3752    8.11818e-01
  3753    8.11815e-01
  3754    8.11819e-01
  3755    8.11816e-01
  3756    8.11820e-01
  3757    8.11817e-01
  3758    8.11821e-01
  3759    8.11818e-01
  3760    8.11822e-01
  3761    8.11819e-01
  3762    8.11817e-01
  3763    8.11814e-01
  3764    8.11818e-01
  3765    8.11824e-01
  3766    8.11822e-01
  3767    8.11819e-01
  3768    8.11823e-01
  3769    8.11820e-01
  3770    8.11818e-01
  3771    8.11824e-01
  3772    8.11822e-01
  3773    8.11819e-01
  3774    8.11817e-01
  3775    8.11824e-01
  3776    8.11821e-01
  3777    8.11818e-01
  3778    8.11825e-01
  3779    8.11823e-01
  3780    8.11820e-01
  3781    8.11827e-01
  3782    8.11824e-01
  3783    8.11816e-01
  3784    8.11822e-01
  3785    8.11820e-01
  3786    8.11827e-01
  3787    8.11818e-01
  3788    8.11825e-01
  3789    8.11822e-01
  3790    8.11823e-01
  3791    8.11820e-01
  3792    8.11827e-01
  3793    8.11818e-01
  3794    8.11825e-01
  3795    8.11816e-01
  3796    8.11823e-01
  3797    8.11824e-01
  3798    8.11821e-01
  3799    8.11822e-01
  3800    8.11813e-01
  3801    8.11820e-01
  3802    8.11820e-01
  3803    8.11827e-01
  3804    8.11818e-01
  3805    8.11819e-01
  3806    8.11820e-01
  3807    8.11827e-01
  3808    8.11818e-01
  3809    8.11818e-01
  3810    8.11819e-01
  3811    8.11820e-01
  3812    8.11820e-01
  3813    8.11827e-01
  3814    8.11818e-01
  3815    8.11819e-01
  3816    8.11820e-01
  3817    8.11820e-01
  3818    8.11821e-01
  3819    8.11822e-01
  3820    8.11822e-01
  3821    8.11816e-01
  3822    8.11817e-01
  3823    8.11818e-01
  3824    8.11818e-01
  3825    8.11819e-01
  3826    8.11820e-01
  3827    8.11824e-01
  3828    8.11824e-01
  3829    8.11825e-01
  3830    8.11826e-01
  3831    8.11820e-01
  3832    8.11821e-01
  3833    8.11824e-01
  3834    8.11825e-01
  3835    8.11826e-01
  3836    8.11820e-01
  3837    8.11830e-01
  3838    8.11825e-01
  3839    8.11825e-01
  3840    8.11829e-01
  3841    8.11830e-01
  3842    8.11824e-01
  3843    8.11828e-01
  3844    8.11829e-01
  3845    8.11823e-01
  3846    8.11833e-01
  3847    8.11828e-01
  3848    8.11832e-01
  3849    8.11826e-01
  3850    8.11836e-01
  3851    8.11831e-01
  3852    8.11835e-01
  3853    8.11839e-01
  3854    8.11833e-01
  3855    8.11837e-01
  3856    8.11837e-01
  3857    8.11841e-01
  3858    8.11845e-01
  3859    8.11840e-01
  3860    8.11844e-01
  3861    8.11848e-01
  3862    8.11842e-01
  3863    8.11846e-01
  3864    8.11850e-01
  3865    8.11838e-01
  3866    8.11842e-01
  3867    8.11846e-01
  3868    8.11850e-01
  3869    8.11844e-01
  3870    8.11848e-01
  3871    8.11845e-01
  3872    8.11850e-01
  3873    8.11844e-01
  3874    8.11841e-01
  3875    8.11845e-01
  3876    8.11849e-01
  3877    8.11837e-01
  3878    8.11841e-01
  3879    8.11845e-01
  3880    8.11843e-01
  3881    8.11837e-01
  3882    8.11834e-01
  3883    8.11838e-01
  3884    8.11836e-01
  3885    8.11830e-01
  3886    8.11827e-01
  3887    8.11831e-01
  3888    8.11819e-01
  3889    8.11816e-01
  3890    8.11820e-01
  3891    8.11808e-01
  3892    8.11805e-01
  3893    8.11803e-01
  3894    8.11797e-01
  3895    8.11794e-01
  3896    8.11792e-01
  3897    8.11779e-01
  3898    8.11783e-01
  3899    8.11771e-01
  3900    8.11768e-01
  3901    8.11755e-01
  3902    8.11753e-01
  3903    8.11740e-01
  3904    8.11738e-01
  3905    8.11725e-01
  3906    8.11722e-01
  3907    8.11710e-01
  3908    8.11707e-01
  3909    8.11694e-01
  3910    8.11692e-01
  3911    8.11679e-01
  3912    8.11676e-01
  3913    8.11667e-01
  3914    8.11654e-01
  3915    8.11651e-01
  3916    8.11639e-01
  3917    8.11636e-01
  3918    8.11627e-01
  3919    8.11614e-01
  3920    8.11611e-01
  3921    8.11602e-01
  3922    8.11599e-01
  3923    8.11596e-01
  3924    8.11587e-01
  3925    8.11584e-01
  3926    8.11575e-01
  3927    8.11572e-01
  3928    8.11563e-01
  3929    8.11560e-01
  3930    8.11561e-01
  3931    8.11558e-01
  3932    8.11548e-01
  3933    8.11556e-01
  3934    8.11557e-01
  3935    8.11547e-01
  3936    8.11555e-01
  3937    8.11556e-01
  3938    8.11556e-01
  3939    8.11564e-01
  3940    8.11565e-01
  3941    8.11576e-01
  3942    8.11577e-01
  3943    8.11584e-01
  3944    8.11595e-01
  3945    8.11607e-01
  3946    8.11618e-01
  3947    8.11629e-01
  3948    8.11640e-01
  3949    8.11651e-01
  3950    8.11662e-01
  3951    8.11684e-01
  3952    8.11695e-01
  3953    8.11717e-01
  3954    8.11738e-01
  3955    8.11750e-01
  3956    8.11771e-01
  3957    8.11793e-01
  3958    8.11815e-01
  3959    8.11847e-01
  3960    8.11869e-01
  3961    8.11891e-01
  3962    8.11906e-01
  3963    8.11927e-01
  3964    8.11949e-01
  3965    8.11971e-01
  3966    8.11997e-01
  3967    8.12019e-01
  3968    8.12030e-01
  3969    8.12045e-01
  3970    8.12067e-01
  3971    8.12089e-01
  3972    8.12104e-01
  3973    8.12116e-01
  3974    8.12120e-01
  3975    8.12143e-01
  3976    8.12147e-01
  3977    8.12159e-01
  3978    8.12153e-01
  3979    8.12165e-01
  3980    8.12159e-01
  3981    8.12160e-01
  3982    8.12154e-01
  3983    8.12155e-01
  3984    8.12150e-01
  3985    8.12133e-01
  3986    8.12124e-01
  3987    8.12097e-01
  3988    8.12080e-01
  3989    8.12053e-01
  3990    8.12033e-01
  3991    8.11995e-01
  3992    8.11958e-01
  3993    8.11920e-01
  3994    8.11872e-01
  3995    8.11830e-01
  3996    8.11782e-01
  3997    8.11722e-01
  3998    8.11663e-01
  3999    8.11604e-01
  4000    8.11534e-01
