   2  9.331840533022e-07
   3  9.329585235890e-07
   4  9.327967960684e-07
   5  9.327311601925e-07
   6  9.327540615210e-07
   7  9.326601141103e-07
   8  9.327924505141e-07
   9  9.328362244164e-07
  10  9.329768093337e-07
  11  9.331291641494e-07
  12  9.332787128925e-07
  13  9.334788139350e-07
  14  9.336624074445e-07
  15  9.338465643819e-07
  16  9.340652938644e-07
  17  9.342968654986e-07
  18  9.344538610470e-07
  19  9.347312837155e-07
  20  9.350726774230e-07
  21  9.353036165874e-07
  22  9.355580459230e-07
  23  9.358147181053e-07
  24  9.361641708433e-07
  25  9.363796335309e-07
  26  9.366584270237e-07
  27  9.369778226064e-07
  28  9.373208479486e-07
  29  9.376027112079e-07
  30  9.378957594244e-07
  31  9.382554332681e-07
  32  9.385455380968e-07
  33  9.388296368654e-07
  34  9.391578820621e-07
  35  9.394700133906e-07
  36  9.398131373043e-07
  37  9.401355738380e-07
  38  9.404387280019e-07
  39  9.407644641855e-07
  40  9.410702714699e-07
  41  9.413948053256e-07
  42  9.417003048030e-07
  43  9.420223716260e-07
  44  9.423270992926e-07
  45  9.426472392619e-07
  46  9.429520700294e-07
  47  9.432717237010e-07
  48  9.435781698161e-07
  49  9.438735417405e-07
  50  9.441844522733e-07
  51  9.444862054500e-07
  52  9.447806765316e-07
  53  9.450695644500e-07
  54  9.453755090111e-07
  55  9.456567051036e-07
  56  9.460345815822e-07
  57  9.461577554357e-07
  58  9.465483987908e-07
  59  9.468257256766e-07
  60  9.471730343885e-07
  61  9.474180562454e-07
  62  9.477318794897e-07
  63  9.479528021824e-07
  64  9.482408476918e-07
  65  9.484439131646e-07
  66  9.487119733140e-07
  67  9.490395899565e-07
  68  9.492877952824e-07
  69  9.495934445292e-07
  70  9.499516651274e-07
  71  9.502350044394e-07
  72  9.504493270597e-07
  73  9.507162687135e-07
  74  9.510313492921e-07
  75  9.512801334891e-07
  76  9.515746196414e-07
  77  9.519107351654e-07
  78  9.521826609911e-07
  79  9.524938110606e-07
  80  9.527434796659e-07
  81  9.530298144632e-07
  82  9.533492012786e-07
  83  9.536982139567e-07
  84  9.539856002323e-07
  85  9.543003626373e-07
  86  9.546393494626e-07
  87  9.549174910444e-07
  88  9.552979100732e-07
  89  9.556154598565e-07
  90  9.559494246849e-07
  91  9.562971469705e-07
  92  9.566560881157e-07
  93  9.570238213152e-07
  94  9.573276664885e-07
  95  9.577075928858e-07
  96  9.580896080881e-07
  97  9.584716846319e-07
  98  9.589166442251e-07
  99  9.592918109793e-07
 100  9.597237137934e-07
 101  9.601460002323e-07
 102  9.605571448179e-07
 103  9.610143445975e-07
 104  9.614553135143e-07
 105  9.618788084629e-07
 106  9.623390372616e-07
 107  9.628317839120e-07
 108  9.632996819367e-07
 109  9.637942647625e-07
 110  9.643118732968e-07
 111  9.647985021393e-07
 112  9.653031975586e-07
 113  9.658715541947e-07
 114  9.664021637458e-07
 115  9.669418227170e-07
 116  9.674878335684e-07
 117  9.680831584626e-07
 118  9.686336037092e-07
 119  9.692271858909e-07
 120  9.698595734140e-07
 121  9.704415435587e-07
 122  9.710989773800e-07
 123  9.717024912027e-07
 124  9.723741318112e-07
 125  9.730287636808e-07
 126  9.736650837217e-07
 127  9.743591836822e-07
 128  9.750302428352e-07
 129  9.757522364615e-07
 130  9.764470595487e-07
 131  9.771503199506e-07
 132  9.778955086291e-07
 133  9.786083552928e-07
 134  9.793579003438e-07
 135  9.801407167808e-07
 136  9.808861198430e-07
 137  9.816604568330e-07
 138  9.824280258565e-07
 139  9.832197423366e-07
 140  9.840329628748e-07
 141  9.848338239513e-07
 142  9.856522511189e-07
 143  9.864860232272e-07
 144  9.873029691033e-07
 145  9.881617421179e-07
 146  9.890007379698e-07
 147  9.898483340594e-07
 148  9.907314238098e-07
 149  9.915911593722e-07
 150  9.924550492884e-07
 151  9.933492010190e-07
 152  9.942173365267e-07
 153  9.951127915283e-07
 154  9.960072354997e-07
 155  9.969257865192e-07
 156  9.978153584716e-07
 157  9.987269015720e-07
 158  9.996338277159e-07
 159  1.000560306684e-06
 160  1.001480571677e-06
 161  1.002394253723e-06
 162  1.003324843164e-06
 163  1.004247725623e-06
 164  1.005162739348e-06
 165  1.006092720462e-06
 166  1.007014132545e-06
 167  1.007949391663e-06
 168  1.008875646056e-06
 169  1.009814900049e-06
 170  1.010831410249e-06
 171  1.011708772843e-06
 172  1.012578459612e-06
 173  1.013440765332e-06
 174  1.014502368727e-06
 175  1.015348605148e-06
 176  1.016188608719e-06
 177  1.017222244820e-06
 178  1.018048897415e-06
 179  1.018870757099e-06
 180  1.019881204686e-06
 181  1.020692966955e-06
 182  1.021690282334e-06
 183  1.022494402909e-06
 184  1.023296689416e-06
 185  1.024280387226e-06
 186  1.025079014792e-06
 187  1.025877839836e-06
 188  1.026854396680e-06
 189  1.027653879463e-06
 190  1.028455744583e-06
 191  1.029260739225e-06
 192  1.030069623128e-06
 193  1.030883167909e-06
 194  1.031536066025e-06
 195  1.032362984274e-06
 196  1.033196912721e-06
 197  1.033877577321e-06
 198  1.034570113208e-06
 199  1.035275267557e-06
 200  1.035993793824e-06
 201  1.036726451251e-06
 202  1.037320777277e-06
 203  1.038085493106e-06
 204  1.038716374414e-06
 205  1.039367353571e-06
 206  1.039891792276e-06
 207  1.040586512365e-06
 208  1.041158906707e-06
 209  1.041613816299e-06
 210  1.042239565159e-06
 211  1.042751808150e-06
 212  1.043294296631e-06
 213  1.043729780111e-06
 214  1.044199258614e-06
 215  1.044703268617e-06
 216  1.045108294089e-06
 217  1.045551376575e-06
 218  1.045901387481e-06
 219  1.046292802832e-06
 220  1.046726046865e-06
 221  1.047073473917e-06
 222  1.047338946668e-06
 223  1.047652014636e-06
 224  1.047888327680e-06
 225  1.048175071723e-06
 226  1.048390036783e-06
 227  1.048658105013e-06
 228  1.048859148870e-06
 229  1.048996515982e-06
 230  1.049073469187e-06
 231  1.049210425751e-06
 232  1.049291225068e-06
 233  1.049434158303e-06
 234  1.049524990849e-06
 235  1.049566647851e-06
 236  1.049561975553e-06
 237  1.049513742728e-06
 238  1.049424642706e-06
 239  1.049406831215e-06
 240  1.049351495076e-06
 241  1.049261141653e-06
 242  1.049138205201e-06
 243  1.048985051217e-06
 244  1.048803975780e-06
 245  1.048597205936e-06
 246  1.048366901004e-06
 247  1.048115156209e-06
 248  1.047844003662e-06
 249  1.047555408768e-06
 250  1.047251276496e-06
 251  1.046933448923e-06
 252  1.046505158384e-06
 253  1.046166005394e-06
 254  1.045721312174e-06
 255  1.045367461775e-06
 256  1.044912731885e-06
 257  1.044360839985e-06
 258  1.043903455944e-06
 259  1.043353138180e-06
 260  1.042805934577e-06
 261  1.042263080977e-06
 262  1.041634580162e-06
 263  1.041014136081e-06
 264  1.040402814222e-06
 265  1.039801634236e-06
 266  1.039123100210e-06
 267  1.038370119783e-06
 268  1.037632668046e-06
 269  1.036911540236e-06
 270  1.036207490314e-06
 271  1.035350750084e-06
 272  1.034599582757e-06
 273  1.033784730143e-06
 274  1.032908596512e-06
 275  1.032056290272e-06
 276  1.031146084002e-06
 277  1.030261766825e-06
 278  1.029322695793e-06
 279  1.028411368149e-06
 280  1.027448205941e-06
 281  1.026514446833e-06
 282  1.025531557875e-06
 283  1.024501368831e-06
 284  1.023503270453e-06
 285  1.022460248718e-06
 286  1.021373955637e-06
 287  1.020321998789e-06
 288  1.019228841319e-06
 289  1.018095970698e-06
 290  1.016999271386e-06
 291  1.015864642111e-06
 292  1.014693413598e-06
 293  1.013559804722e-06
 294  1.012318670963e-06
 295  1.011188538793e-06
 296  1.009953214703e-06
 297  1.008757225385e-06
 298  1.007529674641e-06
 299  1.006271570964e-06
 300  1.005053455972e-06
 301  1.003736627811e-06
 302  1.002460675300e-06
 303  1.001225077558e-06
 304  9.998937640471e-07
 305  9.986034794533e-07
 306  9.972867458332e-07
 307  9.960107097105e-07
 308  9.946426948346e-07
 309  9.933157947539e-07
 310  9.919641541946e-07
 311  9.906530905273e-07
 312  9.892532044705e-07
 313  9.878940930746e-07
 314  9.865114713278e-07
 315  9.851688959711e-07
 316  9.838028600677e-07
 317  9.824137517941e-07
 318  9.810019296404e-07
 319  9.796292672241e-07
 320  9.782337537305e-07
 321  9.768156748499e-07
 322  9.754356968766e-07
 323  9.740328991648e-07
 324  9.726075065952e-07
 325  9.712190250322e-07
 326  9.698076111452e-07
 327  9.684320138663e-07
 328  9.670330822875e-07
 329  9.656109502598e-07
 330  9.642232588185e-07
 331  9.628118980300e-07
 332  9.613769625594e-07
 333  9.600315112093e-07
 334  9.586051072679e-07
 335  9.572104589336e-07
 336  9.558466103326e-07
 337  9.544574461845e-07
 338  9.530429929278e-07
 339  9.516577719853e-07
 340  9.503008211446e-07
 341  9.489173092149e-07
 342  9.475607904578e-07
 343  9.461770515724e-07
 344  9.448190090162e-07
 345  9.434857065119e-07
 346  9.421762008738e-07
 347  9.408375213964e-07
 348  9.394696282295e-07
 349  9.381753548971e-07
 350  9.368505975526e-07
 351  9.355461682200e-07
 352  9.342611513970e-07
 353  9.329946427414e-07
 354  9.316957512792e-07
 355  9.304141482595e-07
 356  9.291489498942e-07
 357  9.278992764883e-07
 358  9.266642665112e-07
 359  9.254430733236e-07
 360  9.242348608460e-07
 361  9.230387979853e-07
 362  9.218062517063e-07
 363  9.206323080320e-07
 364  9.194680878615e-07
 365  9.183128035826e-07
 366  9.171189061346e-07
 367  9.159794454132e-07
 368  9.148929137552e-07
 369  9.137657824727e-07
 370  9.126438563442e-07
 371  9.115719543659e-07
 372  9.105033659882e-07
 373  9.094374082528e-07
 374  9.083734186605e-07
 375  9.073553121760e-07
 376  9.063374154090e-07
 377  9.053191057923e-07
 378  9.042997776162e-07
 379  9.033224646270e-07
 380  9.023425008945e-07
 381  9.014025015032e-07
 382  9.004583065199e-07
 383  8.995521135416e-07
 384  8.986402532762e-07
 385  8.977222456825e-07
 386  8.968396798248e-07
 387  8.959914428093e-07
 388  8.951348195040e-07
 389  8.942693993902e-07
 390  8.934771933561e-07
 391  8.926335641906e-07
 392  8.918611239617e-07
 393  8.910771141332e-07
 394  8.903215665302e-07
 395  8.895533797619e-07
 396  8.888122135624e-07
 397  8.880971790471e-07
 398  8.874074085590e-07
 399  8.867026926811e-07
 400  8.860219708269e-07
 401  8.853644427819e-07
 402  8.846905516881e-07
 403  8.840773063849e-07
 404  8.834465967441e-07
 405  8.828364902980e-07
 406  8.822462982980e-07
 407  8.816753551121e-07
 408  8.810853691795e-07
 409  8.805512093511e-07
 410  8.799971460455e-07
 411  8.794973510021e-07
 412  8.789768677248e-07
 413  8.784724369066e-07
 414  8.779835351529e-07
 415  8.775096574604e-07
 416  8.770503172234e-07
 417  8.766410975038e-07
 418  8.762092882091e-07
 419  8.757906865175e-07
 420  8.753493564625e-07
 421  8.749561458643e-07
 422  8.745749787606e-07
 423  8.742055078033e-07
 424  8.738474031895e-07
 425  8.735003551884e-07
 426  8.731640738553e-07
 427  8.728382850004e-07
 428  8.725227340085e-07
 429  8.722171855104e-07
 430  8.719553210176e-07
 431  8.716689715692e-07
 432  8.713920052577e-07
 433  8.711242470266e-07
 434  8.708655369362e-07
 435  8.706157321494e-07
 436  8.704076793841e-07
 437  8.701751605278e-07
 438  8.699512044281e-07
 439  8.697357237454e-07
 440  8.695610254422e-07
 441  8.693621438113e-07
 442  8.691715667643e-07
 443  8.689892680880e-07
 444  8.688152288367e-07
 445  8.686811046900e-07
 446  8.685234504966e-07
 447  8.683740875893e-07
 448  8.682330467462e-07
 449  8.681003745784e-07
 450  8.679761268810e-07
 451  8.678295479964e-07
 452  8.677224946372e-07
 453  8.676240923336e-07
 454  8.675040186026e-07
 455  8.673930675233e-07
 456  8.672913514345e-07
 457  8.671989956484e-07
 458  8.671161315572e-07
 459  8.670131391178e-07
 460  8.669498081211e-07
 461  8.668669049668e-07
 462  8.667943530908e-07
 463  8.667030758055e-07
 464  8.666227467032e-07
 465  8.665535423180e-07
 466  8.664956469979e-07
 467  8.664205084673e-07
 468  8.663573193849e-07
 469  8.663062828524e-07
 470  8.662392235450e-07
 471  8.661567145947e-07
 472  8.660874699242e-07
 473  8.660317098770e-07
 474  8.659617507195e-07
 475  8.659059563581e-07
 476  8.658368803918e-07
 477  8.657826559334e-07
 478  8.657160695274e-07
 479  8.656376988860e-07
 480  8.655753359449e-07
 481  8.655021110571e-07
 482  8.654185957228e-07
 483  8.653253598235e-07
 484  8.652497385095e-07
 485  8.651653093884e-07
 486  8.650991835869e-07
 487  8.649987179371e-07
 488  8.649174545478e-07
 489  8.648031795413e-07
 490  8.647089956308e-07
 491  8.646091182400e-07
 492  8.645040886395e-07
 493  8.643686452459e-07
 494  8.642550253486e-07
 495  8.641378523268e-07
 496  8.640176489612e-07
 497  8.638695456922e-07
 498  8.637449283313e-07
 499  8.635936338043e-07
 500  8.634415476802e-07
 501  8.632891648859e-07
 502  8.631120895844e-07
 503  8.629606678987e-07
 504  8.627857064158e-07
 505  8.625879669488e-07
 506  8.624171832475e-07
 507  8.622003301142e-07
 508  8.620113266646e-07
 509  8.618019123766e-07
 510  8.615728009130e-07
 511  8.613487104762e-07
 512  8.611300527537e-07
 513  8.608695746239e-07
 514  8.606394362343e-07
 515  8.603688147540e-07
 516  8.601057435092e-07
 517  8.598271289894e-07
 518  8.595569738884e-07
 519  8.592723475814e-07
 520  8.589738607973e-07
 521  8.586621134048e-07
 522  8.583376939586e-07
 523  8.580241065129e-07
 524  8.576988153655e-07
 525  8.573396241159e-07
 526  8.569926699099e-07
 527  8.566356468369e-07
 528  8.562690774455e-07
 529  8.558934732254e-07
 530  8.555093340753e-07
 531  8.551171488164e-07
 532  8.546952366837e-07
 533  8.542884639075e-07
 534  8.538750435213e-07
 535  8.534335081793e-07
 536  8.529863644298e-07
 537  8.525340320878e-07
 538  8.520769196083e-07
 539  8.516154242148e-07
 540  8.511284247158e-07
 541  8.506379620785e-07
 542  8.501443985835e-07
 543  8.496480850937e-07
 544  8.491281687386e-07
 545  8.486063259018e-07
 546  8.480618351439e-07
 547  8.475161937177e-07
 548  8.469696953063e-07
 549  8.464018138488e-07
 550  8.458337805167e-07
 551  8.452658544385e-07
 552  8.446777004696e-07
 553  8.440697790483e-07
 554  8.434629741693e-07
 555  8.428574987963e-07
 556  8.422332665265e-07
 557  8.416109027758e-07
 558  8.409704438995e-07
 559  8.403122737867e-07
 560  8.396567654642e-07
 561  8.390040670638e-07
 562  8.383344575213e-07
 563  8.376482743030e-07
 564  8.369655599276e-07
 565  8.362667680988e-07
 566  8.355717798748e-07
 567  8.348611688139e-07
 568  8.341352149126e-07
 569  8.334135593791e-07
 570  8.326769485265e-07
 571  8.319448646577e-07
 572  8.311981709178e-07
 573  8.304561938476e-07
 574  8.296999094907e-07
 575  8.289295231793e-07
 576  8.281641340740e-07
 577  8.273848883867e-07
 578  8.265919572845e-07
 579  8.258042121521e-07
 580  8.250216110156e-07
 581  8.242255201575e-07
 582  8.234160726857e-07
 583  8.226118453341e-07
 584  8.217943713144e-07
 585  8.209637585362e-07
 586  8.201383701788e-07
 587  8.193181076639e-07
 588  8.184847207077e-07
 589  8.176382789079e-07
 590  8.167968631180e-07
 591  8.159603455510e-07
 592  8.151106931185e-07
 593  8.142479463258e-07
 594  8.133899145738e-07
 595  8.125364417642e-07
 596  8.116697080713e-07
 597  8.108073229915e-07
 598  8.099315735099e-07
 599  8.090774240103e-07
 600  8.081922424169e-07
 601  8.073109184235e-07
 602  8.064332564430e-07
 603  8.055590591569e-07
 604  8.046709262743e-07
 605  8.038030957065e-07
 606  8.029039430494e-07
 607  8.020246667197e-07
 608  8.011309401095e-07
 609  8.002565332082e-07
 610  7.993673348579e-07
 611  7.984800851171e-07
 612  7.975778019917e-07
 613  7.966937988622e-07
 614  7.957943989848e-07
 615  7.949126957024e-07
 616  7.940152197846e-07
 617  7.931348400751e-07
 618  7.922382989103e-07
 619  7.913582466419e-07
 620  7.904616306103e-07
 621  7.895808867084e-07
 622  7.886993875503e-07
 623  7.878168768995e-07
 624  7.869330990129e-07
 625  7.860477960269e-07
 626  7.851767170986e-07
 627  7.842875352855e-07
 628  7.834119574708e-07
 629  7.825495744131e-07
 630  7.816683658416e-07
 631  7.808154895869e-07
 632  7.799432695636e-07
 633  7.790829114640e-07
 634  7.782184032244e-07
 635  7.773650472683e-07
 636  7.765069328622e-07
 637  7.756592674528e-07
 638  7.748062445761e-07
 639  7.739629776594e-07
 640  7.731290729950e-07
 641  7.722888705215e-07
 642  7.714573464701e-07
 643  7.706341155239e-07
 644  7.698036700521e-07
 645  7.689808548506e-07
 646  7.681652975812e-07
 647  7.673566299660e-07
 648  7.665544861995e-07
 649  7.657585039427e-07
 650  7.649534772382e-07
 651  7.641539906982e-07
 652  7.633744490099e-07
 653  7.625849458780e-07
 654  7.618146131674e-07
 655  7.610337338383e-07
 656  7.602712651758e-07
 657  7.595122105003e-07
 658  7.587417576115e-07
 659  7.580030573869e-07
 660  7.572523277797e-07
 661  7.565037523556e-07
 662  7.557713449715e-07
 663  7.550404043940e-07
 664  7.543106368922e-07
 665  7.535959447891e-07
 666  7.528817756607e-07
 667  7.521819564258e-07
 668  7.514820315004e-07
 669  7.507817376788e-07
 670  7.500947929918e-07
 671  7.494068844975e-07
 672  7.487316572919e-07
 673  7.480548967423e-07
 674  7.473901784078e-07
 675  7.467371497004e-07
 676  7.460817368921e-07
 677  7.454374109676e-07
 678  7.447901914170e-07
 679  7.441534833615e-07
 680  7.435269712380e-07
 681  7.428968162811e-07
 682  7.422898116705e-07
 683  7.416786431178e-07
 684  7.410631389109e-07
 685  7.404698771431e-07
 686  7.398718022006e-07
 687  7.392953497839e-07
 688  7.387136342893e-07
 689  7.381397370547e-07
 690  7.375602357798e-07
 691  7.370012876858e-07
 692  7.364494481597e-07
 693  7.358914296271e-07
 694  7.353531834071e-07
 695  7.348084092606e-07
 696  7.342699686547e-07
 697  7.337505836002e-07
 698  7.332242008690e-07
 699  7.327035941623e-07
 700  7.322013965436e-07
 701  7.316917994569e-07
 702  7.311874880091e-07
 703  7.307010073752e-07
 704  7.302067867582e-07
 705  7.297300457122e-07
 706  7.292453728233e-07
 707  7.287778593817e-07
 708  7.283022509487e-07
 709  7.278435101711e-07
 710  7.273889839586e-07
 711  7.269385800216e-07
 712  7.264922128034e-07
 713  7.260498015021e-07
 714  7.256112732977e-07
 715  7.251765618707e-07
 716  7.247456076253e-07
 717  7.243183588630e-07
 718  7.238947684038e-07
 719  7.234869341662e-07
 720  7.230705173199e-07
 721  7.226697320973e-07
 722  7.222603837845e-07
 723  7.218665648074e-07
 724  7.214761952296e-07
 725  7.210892715641e-07
 726  7.206938900347e-07
 727  7.203138975640e-07
 728  7.199373706473e-07
 729  7.195643290069e-07
 730  7.191830225870e-07
 731  7.188170631255e-07
 732  7.184546814574e-07
 733  7.180959172531e-07
 734  7.177291700699e-07
 735  7.173778157019e-07
 736  7.170302319822e-07
 737  7.166749275487e-07
 738  7.163235806840e-07
 739  7.159877503433e-07
 740  7.156445004361e-07
 741  7.153054295174e-07
 742  7.149592214453e-07
 743  7.146287839051e-07
 744  7.142914385077e-07
 745  7.139699790311e-07
 746  7.136305841920e-07
 747  7.133072670759e-07
 748  7.129888225134e-07
 749  7.126641682766e-07
 750  7.123446574410e-07
 751  7.120192734417e-07
 752  7.116993137641e-07
 753  7.113848925619e-07
 754  7.110650887223e-07
 755  7.107511164683e-07
 756  7.104321167589e-07
 757  7.101192474809e-07
 758  7.098126311646e-07
 759  7.095015005081e-07
 760  7.091860683548e-07
 761  7.088773825387e-07
 762  7.085647622729e-07
 763  7.082591984345e-07
 764  7.079500680764e-07
 765  7.076375839815e-07
 766  7.073219584421e-07
 767  7.070140699974e-07
 768  7.067034066881e-07
 769  7.064007899938e-07
 770  7.060851812718e-07
 771  7.057779835232e-07
 772  7.054582631183e-07
 773  7.051473106150e-07
 774  7.048347738004e-07
 775  7.045208529649e-07
 776  7.042057476639e-07
 777  7.038896539475e-07
 778  7.035727653627e-07
 779  7.032552741529e-07
 780  7.029270550029e-07
 781  7.026089492103e-07
 782  7.022805372574e-07
 783  7.019523131805e-07
 784  7.016244524996e-07
 785  7.012971272924e-07
 786  7.009603501552e-07
 787  7.006346273116e-07
 788  7.002897251121e-07
 789  6.999561972275e-07
 790  6.996140120945e-07
 791  6.992633948163e-07
 792  6.989145694439e-07
 793  6.985676756431e-07
 794  6.982128937435e-07
 795  6.978504281833e-07
 796  6.974903825940e-07
 797  6.971229979759e-07
 798  6.967583189503e-07
 799  6.963866266905e-07
 800  6.960081005632e-07
 801  6.956326963346e-07
 802  6.952409975035e-07
 803  6.948527065566e-07
 804  6.944582039654e-07
 805  6.940673285048e-07
 806  6.936608386134e-07
 807  6.932485873888e-07
 808  6.928403269941e-07
 809  6.924265323335e-07
 810  6.919977687875e-07
 811  6.915733147747e-07
 812  6.911341843454e-07
 813  6.906995521000e-07
 814  6.902505184077e-07
 815  6.898061559691e-07
 816  6.893476494711e-07
 817  6.888845689578e-07
 818  6.884076314918e-07
 819  6.879357083221e-07
 820  6.874501527584e-07
 821  6.869697375038e-07
 822  6.864666122160e-07
 823  6.859687850592e-07
 824  6.854577773173e-07
 825  6.849429472620e-07
 826  6.844151647643e-07
 827  6.838929124593e-07
 828  6.833487251226e-07
 829  6.828010572509e-07
 830  6.822590744514e-07
 831  6.816864138643e-07
 832  6.811195875388e-07
 833  6.805585795879e-07
 834  6.800033726021e-07
 835  6.793639379347e-07
 836  6.787306938860e-07
 837  6.781931960547e-07
 838  6.775720457799e-07
 839  6.769570097297e-07
 840  6.762591179887e-07
 841  6.756564348191e-07
 842  6.749712567440e-07
 843  6.743808015722e-07
 844  6.737082050048e-07
 845  6.730419506348e-07
 846  6.723820017749e-07
 847  6.716408417208e-07
 848  6.709935940948e-07
 849  6.702654664561e-07
 850  6.695438939520e-07
 851  6.688288320618e-07
 852  6.681202349926e-07
 853  6.673318031722e-07
 854  6.666361957343e-07
 855  6.658610578020e-07
 856  6.650925897216e-07
 857  6.643307385215e-07
 858  6.634901988662e-07
 859  6.627416148473e-07
 860  6.619146250990e-07
 861  6.610944204719e-07
 862  6.602809395128e-07
 863  6.594741192813e-07
 864  6.586738958735e-07
 865  6.577963268053e-07
 866  6.570092946466e-07
 867  6.561451683909e-07
 868  6.552877537668e-07
 869  6.544369779275e-07
 870  6.535098500170e-07
 871  6.526723182123e-07
 872  6.517586606988e-07
 873  6.508517135308e-07
 874  6.499513944656e-07
 875  6.490576200665e-07
 876  6.481703057113e-07
 877  6.472077658993e-07
 878  6.462518830140e-07
 879  6.453025659736e-07
 880  6.443597223079e-07
 881  6.434232585830e-07
 882  6.424930800300e-07
 883  6.414885956934e-07
 884  6.405708787712e-07
 885  6.395790222113e-07
 886  6.385934186624e-07
 887  6.376139645140e-07
 888  6.365609638995e-07
 889  6.355936720447e-07
 890  6.345529778160e-07
 891  6.335183622569e-07
 892  6.325685941028e-07
 893  6.314669234721e-07
 894  6.304498758611e-07
 895  6.294384584594e-07
 896  6.283543800239e-07
 897  6.273540535066e-07
 898  6.262811816563e-07
 899  6.252138232542e-07
 900  6.241518597760e-07
 901  6.230951720479e-07
 902  6.220436402856e-07
 903  6.209971443692e-07
 904  6.198787633664e-07
 905  6.187655159672e-07
 906  6.177337410227e-07
 907  6.166302241577e-07
 908  6.155314737775e-07
 909  6.144373672730e-07
 910  6.133477818237e-07
 911  6.121869694907e-07
 912  6.111062247833e-07
 913  6.100296345417e-07
 914  6.088819478676e-07
 915  6.077385021276e-07
 916  6.065991753920e-07
 917  6.055384853891e-07
 918  6.044068699234e-07
 919  6.032790114241e-07
 920  6.021547906674e-07
 921  6.009600963704e-07
 922  5.998429565834e-07
 923  5.987291014429e-07
 924  5.975449022162e-07
 925  5.964374303849e-07
 926  5.952597043433e-07
 927  5.941581625494e-07
 928  5.929864587179e-07
 929  5.918176785917e-07
 930  5.907242817991e-07
 931  5.895608687981e-07
 932  5.884000586099e-07
 933  5.872417474620e-07
 934  5.860858330747e-07
 935  5.849322146619e-07
 936  5.837807934337e-07
 937  5.826314729257e-07
 938  5.814841582583e-07
 939  5.803387561379e-07
 940  5.791951759617e-07
 941  5.780533293584e-07
 942  5.769131299388e-07
 943  5.757039112615e-07
 944  5.745669054821e-07
 945  5.734313012083e-07
 946  5.722970216351e-07
 947  5.711639916721e-07
 948  5.699622987368e-07
 949  5.688316997430e-07
 950  5.677021393787e-07
 951  5.665735524886e-07
 952  5.653766213334e-07
 953  5.642499402008e-07
 954  5.631240509282e-07
 955  5.619988979933e-07
 956  5.608744289054e-07
 957  5.597368873037e-07
 958  5.586068291607e-07
 959  5.574773425062e-07
 960  5.563551956461e-07
 961  5.552335100741e-07
 962  5.541122491564e-07
 963  5.529981467710e-07
 964  5.518843749721e-07
 965  5.507776453472e-07
 966  5.496711634793e-07
 967  5.485716177813e-07
 968  5.474722467254e-07
 969  5.463730323305e-07
 970  5.452806299840e-07
 971  5.441949851756e-07
 972  5.431094026960e-07
 973  5.420305047070e-07
 974  5.409516285561e-07
 975  5.398859767388e-07
 976  5.388136999064e-07
 977  5.377545680664e-07
 978  5.366953802711e-07
 979  5.356426924069e-07
 980  5.345899377515e-07
 981  5.335501723892e-07
 982  5.325103125790e-07
 983  5.314768700837e-07
 984  5.304433408235e-07
 985  5.294226844461e-07
 986  5.284019316541e-07
 987  5.273939934026e-07
 988  5.263859572585e-07
 989  5.253842686082e-07
 990  5.243825139591e-07
 991  5.233935066677e-07
 992  5.224108241575e-07
 993  5.214280972533e-07
 994  5.204580684415e-07
 995  5.194880189114e-07
 996  5.185243159052e-07
 997  5.175732776206e-07
 998  5.166222664663e-07
 999  5.156776157670e-07
1000  5.147393326257e-07
1001  5.138136896446e-07
1002  5.128881553837e-07
1003  5.119690177333e-07
1004  5.110562885879e-07
1005  5.101561957038e-07
1006  5.092563116285e-07
1007  5.083628786034e-07
1008  5.074820901781e-07
1009  5.066015951667e-07
1010  5.057276006924e-07
1011  5.048662655364e-07
1012  5.040053130688e-07
1013  5.031570318812e-07
1014  5.023091944058e-07
1015  5.014740412157e-07
1016  5.006454744631e-07
1017  4.998174445060e-07
1018  4.990021204310e-07
1019  4.981934408381e-07
1020  4.973853918480e-07
1021  4.965900716241e-07
1022  4.958014545345e-07
1023  4.950195596462e-07
1024  4.942384195999e-07
1025  4.934700371922e-07
1026  4.927084325375e-07
1027  4.919536233717e-07
1028  4.911996868978e-07
1029  4.904585306708e-07
1030  4.897242192201e-07
1031  4.889908624810e-07
1032  4.882702970373e-07
1033  4.875507377212e-07
1034  4.868439739561e-07
1035  4.861382642747e-07
1036  4.854395025042e-07
1037  4.847535364892e-07
1038  4.840628641832e-07
1039  4.833908204736e-07
1040  4.827141315650e-07
1041  4.820502482744e-07
1042  4.813875800430e-07
1043  4.807319349224e-07
1044  4.800833163643e-07
1045  4.794417267593e-07
1046  4.788071671084e-07
1047  4.781739112441e-07
1048  4.775477063528e-07
1049  4.769285502205e-07
1050  4.763107458160e-07
1051  4.757056866835e-07
1052  4.750963187016e-07
1053  4.744996833291e-07
1054  4.739044393070e-07
1055  4.733162493055e-07
1056  4.727294736528e-07
1057  4.721497511798e-07
1058  4.715714611900e-07
1059  4.710058160370e-07
1060  4.704360087492e-07
1061  4.698732388414e-07
1062  4.693119231071e-07
1063  4.687631849442e-07
1064  4.682103388694e-07
1065  4.676644956474e-07
1066  4.671201095170e-07
1067  4.665771888577e-07
1068  4.660412442824e-07
1069  4.655122510003e-07
1070  4.649792176065e-07
1071  4.644531241761e-07
1072  4.639284806227e-07
1073  4.634107413298e-07
1074  4.628889927349e-07
1075  4.623741294139e-07
1076  4.618606984902e-07
1077  4.613486984465e-07
1078  4.608381268974e-07
1079  4.603289806502e-07
1080  4.598266376196e-07
1081  4.593203194819e-07
1082  4.588207744321e-07
1083  4.583172624273e-07
1084  4.578204907731e-07
1085  4.573197577336e-07
1086  4.568204072745e-07
1087  4.563277435262e-07
1088  4.558311219855e-07
1089  4.553358555830e-07
1090  4.548419341570e-07
1091  4.543493471138e-07
1092  4.538528192539e-07
1093  4.533628773785e-07
1094  4.528689908303e-07
1095  4.523711762761e-07
1096  4.519008053838e-07
1097  4.513794766242e-07
1098  4.509116003235e-07
1099  4.503929300459e-07
1100  4.498756159469e-07
1101  4.494114298524e-07
1102  4.488966920748e-07
1103  4.484348666631e-07
1104  4.479226493112e-07
1105  4.474117175048e-07
1106  4.469020568023e-07
1107  4.463936527621e-07
1108  4.458864909764e-07
1109  4.453805570776e-07
1110  4.448758367634e-07
1111  4.443723157060e-07
1112  4.438699796281e-07
1113  4.433688143576e-07
1114  4.428182210356e-07
1115  4.423194458911e-07
1116  4.417713956942e-07
1117  4.412749542895e-07
1118  4.407293903633e-07
1119  4.401850934673e-07
1120  4.396920941227e-07
1121  4.391502003534e-07
1122  4.386095324937e-07
1123  4.380700771519e-07
1124  4.375318211102e-07
1125  4.369947513868e-07
1126  4.364093424092e-07
1127  4.358746950238e-07
1128  4.353411960716e-07
1129  4.347595832981e-07
1130  4.341792691441e-07
1131  4.336493174654e-07
1132  4.330714771731e-07
1133  4.324948994654e-07
1134  4.319195727152e-07
1135  4.313454855424e-07
1136  4.307239815052e-07
1137  4.301524258531e-07
1138  4.295820768960e-07
1139  4.289645346893e-07
1140  4.283966529181e-07
1141  4.277817269783e-07
1142  4.271681360227e-07
1143  4.265558699216e-07
1144  4.259449187867e-07
1145  4.253352729451e-07
1146  4.246791224924e-07
1147  4.240721423270e-07
1148  4.234664394937e-07
1149  4.228144539315e-07
1150  4.221638935474e-07
1151  4.215147492949e-07
1152  4.208670123190e-07
1153  4.202206739606e-07
1154  4.195757257505e-07
1155  4.189321593982e-07
1156  4.182429894297e-07
1157  4.176022437945e-07
1158  4.169160407171e-07
1159  4.162313493442e-07
1160  4.155481616147e-07
1161  4.149130434005e-07
1162  4.141862655954e-07
1163  4.135075419358e-07
1164  4.128302911692e-07
1165  4.121082513082e-07
1166  4.114340037208e-07
1167  4.107151108973e-07
1168  4.099978199223e-07
1169  4.092821233496e-07
1170  4.085680138527e-07
1171  4.078554842130e-07
1172  4.071445273151e-07
1173  4.063895100048e-07
1174  4.056817553159e-07
1175  4.049300814130e-07
1176  4.041801071317e-07
1177  4.034771419239e-07
1178  4.027304684014e-07
1179  4.019854732455e-07
1180  4.011970628065e-07
1181  4.004554797467e-07
1182  3.997155540892e-07
1183  3.989324206976e-07
1184  3.981958653012e-07
1185  3.974162398597e-07
1186  3.966428587547e-07
1187  3.958712366781e-07
1188  3.950924703024e-07
1189  3.943154789570e-07
1190  3.935358224222e-07
1191  3.927535160786e-07
1192  3.919641568664e-07
1193  3.911766042143e-07
1194  3.903820439210e-07
1195  3.895893056772e-07
1196  3.887939935712e-07
1197  3.879961225963e-07
1198  3.871957076935e-07
1199  3.863927637343e-07
1200  3.855873055240e-07
1201  3.847837002363e-07
1202  3.839732504399e-07
1203  3.831646684090e-07
1204  3.823536163014e-07
1205  3.815401086440e-07
1206  3.807241599096e-07
1207  3.799100937904e-07
1208  3.790892989147e-07
1209  3.782704010427e-07
1210  3.774491051477e-07
1211  3.766297063114e-07
1212  3.758079236725e-07
1213  3.749837713604e-07
1214  3.741572634486e-07
1215  3.733326666913e-07
1216  3.725057283055e-07
1217  3.716807010212e-07
1218  3.708533460182e-07
1219  3.700279020703e-07
1220  3.691959262863e-07
1221  3.683700864200e-07
1222  3.675377423034e-07
1223  3.667115202613e-07
1224  3.658830119080e-07
1225  3.650522309623e-07
1226  3.642233678948e-07
1227  3.633964159104e-07
1228  3.625630418252e-07
1229  3.617357489212e-07
1230  3.609103605015e-07
1231  3.600827269693e-07
1232  3.592528619019e-07
1233  3.584290379080e-07
1234  3.576029826375e-07
1235  3.567788258135e-07
1236  3.559524514459e-07
1237  3.551279759335e-07
1238  3.543053928811e-07
1239  3.534846959481e-07
1240  3.526658788537e-07
1241  3.518489353702e-07
1242  3.510297893899e-07
1243  3.502125178105e-07
1244  3.493971145319e-07
1245  3.485876238531e-07
1246  3.477759325868e-07
1247  3.469660916627e-07
1248  3.461580952036e-07
1249  3.453519373892e-07
1250  3.445476124480e-07
1251  3.437451146751e-07
1252  3.429444384311e-07
1253  3.421455781237e-07
1254  3.413485282182e-07
1255  3.405572693270e-07
1256  3.397638175173e-07
1257  3.389761332840e-07
1258  3.381862581766e-07
1259  3.374021274933e-07
1260  3.366197626643e-07
1261  3.358431068436e-07
1262  3.350642522137e-07
1263  3.342910840683e-07
1264  3.335196492522e-07
1265  3.327499429182e-07
1266  3.319858774126e-07
1267  3.312235184883e-07
1268  3.304628614906e-07
1269  3.297078004650e-07
1270  3.289544199356e-07
1271  3.282027154372e-07
1272  3.274526825474e-07
1273  3.267120652923e-07
1274  3.259692185167e-07
1275  3.252318803357e-07
1276  3.244961723908e-07
1277  3.237659405434e-07
1278  3.230373186986e-07
1279  3.223141408155e-07
1280  3.215925530057e-07
1281  3.208763773716e-07
1282  3.201617721626e-07
1283  3.194525476841e-07
1284  3.187448742718e-07
1285  3.180425504829e-07
1286  3.173417586751e-07
1287  3.166462857110e-07
1288  3.159523259132e-07
1289  3.152636544958e-07
1290  3.145802504838e-07
1291  3.138983260537e-07
1292  3.132216390644e-07
1293  3.125501688288e-07
1294  3.118801452396e-07
1295  3.112115651761e-07
1296  3.105519014649e-07
1297  3.098936520652e-07
1298  3.092368139987e-07
1299  3.085888257532e-07
1300  3.079422200627e-07
1301  3.072969940890e-07
1302  3.066605522141e-07
1303  3.060254617031e-07
1304  3.053917198409e-07
1305  3.047666971295e-07
1306  3.041429951133e-07
1307  3.035242865254e-07
1308  3.029068822173e-07
1309  3.022944437710e-07
1310  3.016869518964e-07
1311  3.010843873874e-07
1312  3.004830837383e-07
1313  2.998866803960e-07
1314  2.992951583679e-07
1315  2.987048679785e-07
1316  2.981194321902e-07
1317  2.975388322187e-07
1318  2.969630493563e-07
1319  2.963884561918e-07
1320  2.958186538898e-07
1321  2.952536239421e-07
1322  2.946897554845e-07
1323  2.941306334485e-07
1324  2.935762395144e-07
1325  2.930265554388e-07
1326  2.924779922505e-07
1327  2.919341134056e-07
1328  2.913913407837e-07
1329  2.908567818588e-07
1330  2.903197545676e-07
1331  2.897909051336e-07
1332  2.892631223249e-07
1333  2.887399377203e-07
1334  2.882213336058e-07
1335  2.877037695020e-07
1336  2.871907612048e-07
1337  2.866822911686e-07
1338  2.861748348546e-07
1339  2.856718923790e-07
1340  2.851699497579e-07
1341  2.846759880906e-07
1342  2.841795159130e-07
1343  2.836909901789e-07
1344  2.831999506823e-07
1345  2.827168233090e-07
1346  2.822346444780e-07
1347  2.817568729835e-07
1348  2.812800366145e-07
1349  2.808075839389e-07
1350  2.803360530642e-07
1351  2.798688823764e-07
1352  2.794026202536e-07
1353  2.789406949454e-07
1354  2.784796650536e-07
1355  2.780229487348e-07
1356  2.775671147721e-07
1357  2.771155712756e-07
1358  2.766648971639e-07
1359  2.762184905446e-07
1360  2.757695458700e-07
1361  2.753282453811e-07
1362  2.748877885821e-07
1363  2.744481740727e-07
1364  2.740127751285e-07
1365  2.735782057740e-07
1366  2.731444646239e-07
1367  2.727149101803e-07
1368  2.722861713391e-07
1369  2.718582467324e-07
1370  2.714344801846e-07
1371  2.710115153658e-07
1372  2.705893509240e-07
1373  2.701713161035e-07
1374  2.697507434954e-07
1375  2.693342881121e-07
1376  2.689186180130e-07
1377  2.685070431410e-07
1378  2.680929347731e-07
1379  2.676829093482e-07
1380  2.672736542543e-07
1381  2.668651681630e-07
1382  2.664574497412e-07
1383  2.660537802802e-07
1384  2.656475884445e-07
1385  2.652421602687e-07
1386  2.648407628430e-07
1387  2.644401169608e-07
1388  2.640369622706e-07
1389  2.636378201931e-07
1390  2.632394256717e-07
1391  2.628417773748e-07
1392  2.624416336358e-07
1393  2.620454784305e-07
1394  2.616500654279e-07
1395  2.612553932860e-07
1396  2.608582388644e-07
1397  2.604650490181e-07
1398  2.600693833958e-07
1399  2.596776704123e-07
1400  2.592834881094e-07
1401  2.588900476913e-07
1402  2.584973477729e-07
1403  2.581053869676e-07
1404  2.577109786892e-07
1405  2.573204964752e-07
1406  2.569275730503e-07
1407  2.565353921916e-07
1408  2.561407853448e-07
1409  2.557500898448e-07
1410  2.553569744766e-07
1411  2.549646049201e-07
1412  2.545729797217e-07
1413  2.541820974274e-07
1414  2.537888162616e-07
1415  2.533962839611e-07
1416  2.530013675832e-07
1417  2.526072059369e-07
1418  2.522137975104e-07
1419  2.518211407921e-07
1420  2.514230065733e-07
1421  2.510287480254e-07
1422  2.506321402734e-07
1423  2.502393963358e-07
1424  2.498412124341e-07
1425  2.494437971711e-07
1426  2.490440612445e-07
1427  2.486481828040e-07
1428  2.482469100766e-07
1429  2.478494915971e-07
1430  2.474467014323e-07
1431  2.470477622260e-07
1432  2.466434737769e-07
1433  2.462430329465e-07
1434  2.458403185238e-07
1435  2.454353415993e-07
1436  2.450281132112e-07
1437  2.446247256148e-07
1438  2.442160551632e-07
1439  2.438112220177e-07
1440  2.434011278378e-07
1441  2.429918436484e-07
1442  2.425803480672e-07
1443  2.421696672623e-07
1444  2.417567881842e-07
1445  2.413447285879e-07
1446  2.409304837227e-07
1447  2.405170629657e-07
1448  2.400984752028e-07
1449  2.396837148550e-07
1450  2.392638085243e-07
1451  2.388447435393e-07
1452  2.384235398169e-07
1453  2.380031817839e-07
1454  2.375806975213e-07
1455  2.371590632170e-07
1456  2.367323532606e-07
1457  2.363094633422e-07
1458  2.358815181730e-07
1459  2.354544393627e-07
1460  2.350252792600e-07
1461  2.345969895161e-07
1462  2.341636929420e-07
1463  2.337342122386e-07
1464  2.332997446431e-07
1465  2.328661631800e-07
1466  2.324305441713e-07
1467  2.319958150361e-07
1468  2.315590600316e-07
1469  2.311231985740e-07
1470  2.306824171295e-07
1471  2.302425407347e-07
1472  2.298006693963e-07
1473  2.293597066003e-07
1474  2.289167601927e-07
1475  2.284718397214e-07
1476  2.280278368170e-07
1477  2.275818710136e-07
1478  2.271339517523e-07
1479  2.266869588810e-07
1480  2.262380235519e-07
1481  2.257900178058e-07
1482  2.253372216654e-07
1483  2.248882209380e-07
1484  2.244344483230e-07
1485  2.239816191640e-07
1486  2.235268876416e-07
1487  2.230731025437e-07
1488  2.226174256736e-07
1489  2.221626981393e-07
1490  2.217060893365e-07
1491  2.212476082776e-07
1492  2.207900845978e-07
1493  2.203306990134e-07
1494  2.198694604389e-07
1495  2.194119964645e-07
1496  2.189498765912e-07
1497  2.184887246142e-07
1498  2.180257399767e-07
1499  2.175637258300e-07
1500  2.170998890608e-07
1501  2.166370253256e-07
1502  2.161723489251e-07
1503  2.157086480515e-07
1504  2.152431443903e-07
1505  2.147786186994e-07
1506  2.143095315385e-07
1507  2.138441968962e-07
1508  2.133770789800e-07
1509  2.129109437690e-07
1510  2.124430349295e-07
1511  2.119788612916e-07
1512  2.115101697641e-07
1513  2.110424655044e-07
1514  2.105730066891e-07
1515  2.101072730485e-07
1516  2.096370549707e-07
1517  2.091705570339e-07
1518  2.087023161362e-07
1519  2.082350618471e-07
1520  2.077633561835e-07
1521  2.072980747200e-07
1522  2.068283511326e-07
1523  2.063623253980e-07
1524  2.058918738628e-07
1525  2.054251151329e-07
1526  2.049566432412e-07
1527  2.044891591530e-07
1528  2.040226603496e-07
1529  2.035571443191e-07
1530  2.030899262212e-07
1531  2.026236928988e-07
1532  2.021557665025e-07
1533  2.016914986973e-07
1534  2.012255397835e-07
1535  2.007632274890e-07
1536  2.002965646258e-07
1537  1.998335433895e-07
1538  1.993714963994e-07
1539  1.989077701121e-07
1540  1.984450200058e-07
1541  1.979858877895e-07
1542  1.975250791795e-07
1543  1.970652393341e-07
1544  1.966037318659e-07
1545  1.961458255891e-07
1546  1.956888807175e-07
1547  1.952328948154e-07
1548  1.947752451161e-07
1549  1.943211732584e-07
1550  1.938654395201e-07
1551  1.934106618159e-07
1552  1.929594445834e-07
1553  1.925065683508e-07
1554  1.920546409330e-07
1555  1.916062567447e-07
1556  1.911562164486e-07
1557  1.907097079605e-07
1558  1.902615453013e-07
1559  1.898169030852e-07
1560  1.893731888337e-07
1561  1.889304002189e-07
1562  1.884859613279e-07
1563  1.880475906271e-07
1564  1.876075650329e-07
1565  1.871684558408e-07
1566  1.867302607612e-07
1567  1.862955347127e-07
1568  1.858591577598e-07
1569  1.854262387894e-07
1570  1.849942183602e-07
1571  1.845656384378e-07
1572  1.841354051628e-07
1573  1.837086014924e-07
1574  1.832801465212e-07
1575  1.828551103066e-07
1576  1.824309529347e-07
1577  1.820101971166e-07
1578  1.815877877256e-07
1579  1.811712876765e-07
1580  1.807531297849e-07
1581  1.803358336108e-07
1582  1.799219059899e-07
1583  1.795088295236e-07
1584  1.790966021269e-07
1585  1.786877211886e-07
1586  1.782796788706e-07
1587  1.778724731263e-07
1588  1.774685919513e-07
1589  1.770655370129e-07
1590  1.766633063030e-07
1591  1.762643784758e-07
1592  1.758637871091e-07
1593  1.754689628575e-07
1594  1.750724711306e-07
1595  1.746792557460e-07
1596  1.742868403362e-07
1597  1.738976850307e-07
1598  1.735093196917e-07
1599  1.731241983253e-07
1600  1.727398570001e-07
1601  1.723562938475e-07
1602  1.719759537230e-07
1603  1.715963819513e-07
1604  1.712175766997e-07
1605  1.708444113055e-07
1606  1.704695620998e-07
1607  1.700978994264e-07
1608  1.697245554293e-07
1609  1.693568138332e-07
1610  1.689898098497e-07
1611  1.686259612016e-07
1612  1.682604242238e-07
1613  1.679004465961e-07
1614  1.675411876978e-07
1615  1.671826458422e-07
1616  1.668248193483e-07
1617  1.664725096368e-07
1618  1.661185014922e-07
1619  1.657675934062e-07
1620  1.654197748682e-07
1621  1.650726456903e-07
1622  1.647262042720e-07
1623  1.643828328472e-07
1624  1.640401401269e-07
1625  1.637005025085e-07
1626  1.633615346131e-07
1627  1.630256070231e-07
1628  1.626879710326e-07
1629  1.623557327662e-07
1630  1.620241464719e-07
1631  1.616955711651e-07
1632  1.613652814464e-07
1633  1.610403487021e-07
1634  1.607136986120e-07
1635  1.603923852883e-07
1636  1.600693517336e-07
1637  1.597492916065e-07
1638  1.594298545137e-07
1639  1.591157141010e-07
1640  1.587998478257e-07
1641  1.584869265191e-07
1642  1.581746112827e-07
1643  1.578652269158e-07
1644  1.575564402360e-07
1645  1.572482499007e-07
1646  1.569429722672e-07
1647  1.566405975624e-07
1648  1.563364918966e-07
1649  1.560375901991e-07
1650  1.557369549501e-07
1651  1.554392006181e-07
1652  1.551420166588e-07
1653  1.548476999179e-07
1654  1.545539454627e-07
1655  1.542630446113e-07
1656  1.539704082250e-07
1657  1.536829044705e-07
1658  1.533936627347e-07
1659  1.531072531220e-07
1660  1.528213873971e-07
1661  1.525383403988e-07
1662  1.522558294219e-07
1663  1.519738532896e-07
1664  1.516946786679e-07
1665  1.514160311013e-07
1666  1.511379094368e-07
1667  1.508625722103e-07
1668  1.505854961932e-07
1669  1.503134511916e-07
1670  1.500396651416e-07
1671  1.497686427812e-07
1672  1.494981287271e-07
1673  1.492303653862e-07
1674  1.489608619525e-07
1675  1.486941016812e-07
1676  1.484278399771e-07
1677  1.481643085849e-07
1678  1.478990381152e-07
1679  1.476364904934e-07
1680  1.473744318347e-07
1681  1.471128610819e-07
1682  1.468539967554e-07
1683  1.465956129559e-07
1684  1.463354943407e-07
1685  1.460802827974e-07
1686  1.458233343734e-07
1687  1.455668623464e-07
1688  1.453130695182e-07
1689  1.450597458192e-07
1690  1.448046916239e-07
1691  1.445545017762e-07
1692  1.443025794212e-07
1693  1.440511221730e-07
1694  1.438023172808e-07
1695  1.435539703358e-07
1696  1.433038972631e-07
1697  1.430564658387e-07
1698  1.428094894156e-07
1699  1.425629670170e-07
1700  1.423168976686e-07
1701  1.420712803973e-07
1702  1.418261142328e-07
1703  1.415835633942e-07
1704  1.413371313504e-07
1705  1.410954728136e-07
1706  1.408520988761e-07
1707  1.406113262803e-07
1708  1.403688414342e-07
1709  1.401289509780e-07
1710  1.398873514113e-07
1711  1.396483393080e-07
1712  1.394076212238e-07
1713  1.391694837012e-07
1714  1.389296433173e-07
1715  1.386902416152e-07
1716  1.384512776508e-07
1717  1.382148805146e-07
1718  1.379767867210e-07
1719  1.377391278468e-07
1720  1.375019029550e-07
1721  1.372651111100e-07
1722  1.370287513785e-07
1723  1.367928228286e-07
1724  1.365552117541e-07
1725  1.363201452275e-07
1726  1.360855070939e-07
1727  1.358491909839e-07
1728  1.356133062903e-07
1729  1.353799526571e-07
1730  1.351449255700e-07
1731  1.349103271076e-07
1732  1.346740630325e-07
1733  1.344403214513e-07
1734  1.342049172268e-07
1735  1.339720288114e-07
1736  1.337374807126e-07
1737  1.335033604833e-07
1738  1.332696671938e-07
1739  1.330363999158e-07
1740  1.328014836131e-07
1741  1.325669962341e-07
1742  1.323329368441e-07
1743  1.320993045100e-07
1744  1.318660983008e-07
1745  1.316333172873e-07
1746  1.313968407745e-07
1747  1.311649120859e-07
1748  1.309292954602e-07
1749  1.306961625444e-07
1750  1.304614043991e-07
1751  1.302291233961e-07
1752  1.299931741758e-07
1753  1.297597002195e-07
1754  1.295246113097e-07
1755  1.292919911199e-07
1756  1.290557222554e-07
1757  1.288219202244e-07
1758  1.285865134036e-07
1759  1.283535668962e-07
1760  1.281169910818e-07
1761  1.278828736868e-07
1762  1.276471615553e-07
1763  1.274139013471e-07
1764  1.271770310275e-07
1765  1.269426107298e-07
1766  1.267066056409e-07
1767  1.264710328753e-07
1768  1.262358914780e-07
1769  1.260011804959e-07
1770  1.257628901448e-07
1771  1.255290416677e-07
1772  1.252916209602e-07
1773  1.250546358883e-07
1774  1.248180854871e-07
1775  1.245819687933e-07
1776  1.243442939459e-07
1777  1.241090440261e-07
1778  1.238702520841e-07
1779  1.236338831361e-07
1780  1.233959655934e-07
1781  1.231604646489e-07
1782  1.229214401112e-07
1783  1.226848302336e-07
1784  1.224466812206e-07
1785  1.222089696173e-07
1786  1.219697257772e-07
1787  1.217328882810e-07
1788  1.214925567336e-07
1789  1.212565916541e-07
1790  1.210171393591e-07
1791  1.207781274134e-07
1792  1.205395548368e-07
1793  1.203014206511e-07
1794  1.200617727205e-07
1795  1.198225655775e-07
1796  1.195837982405e-07
1797  1.193454697302e-07
1798  1.191056365787e-07
1799  1.188662446189e-07
1800  1.186253546902e-07
1801  1.183868443190e-07
1802  1.181468383154e-07
1803  1.179072738712e-07
1804  1.176681500024e-07
1805  1.174294657278e-07
1806  1.171892947438e-07
1807  1.169495656582e-07
1808  1.167083564179e-07
1809  1.164695103008e-07
1810  1.162291863059e-07
1811  1.159912192252e-07
1812  1.157498639409e-07
1813  1.155108636032e-07
1814  1.152703941365e-07
1815  1.150322734348e-07
1816  1.147907816635e-07
1817  1.145516366890e-07
1818  1.143110312496e-07
1819  1.140727664527e-07
1820  1.138330434071e-07
1821  1.135937611285e-07
1822  1.133549186368e-07
1823  1.131165149541e-07
1824  1.128766615829e-07
1825  1.126372492079e-07
1826  1.123982768491e-07
1827  1.121597435290e-07
1828  1.119216482725e-07
1829  1.116839901075e-07
1830  1.114448928950e-07
1831  1.112062349311e-07
1832  1.109680152414e-07
1833  1.107302328538e-07
1834  1.104928867989e-07
1835  1.102559761099e-07
1836  1.100176368862e-07
1837  1.097815960661e-07
1838  1.095441288385e-07
1839  1.093089540383e-07
1840  1.090723549548e-07
1841  1.088361895123e-07
1842  1.086004567524e-07
1843  1.083651557193e-07
1844  1.081284386482e-07
1845  1.078958450230e-07
1846  1.076599906481e-07
1847  1.074264090099e-07
1848  1.071914155276e-07
1849  1.069586889037e-07
1850  1.067245525271e-07
1851  1.064926771537e-07
1852  1.062593941166e-07
1853  1.060265373308e-07
1854  1.057941058597e-07
1855  1.055639237480e-07
1856  1.053323381396e-07
1857  1.051011750535e-07
1858  1.048704335630e-07
1859  1.046419298803e-07
1860  1.044120268584e-07
1861  1.041825426706e-07
1862  1.039534764005e-07
1863  1.037266364782e-07
1864  1.034965939608e-07
1865  1.032705814373e-07
1866  1.030431757911e-07
1867  1.028179851231e-07
1868  1.025914034019e-07
1869  1.023670310095e-07
1870  1.021412696310e-07
1871  1.019177119544e-07
1872  1.016927673567e-07
1873  1.014700208562e-07
1874  1.012458894970e-07
1875  1.010257369172e-07
1876  1.008024133713e-07
1877  1.005830592439e-07
1878  1.003605400211e-07
1879  1.001419808902e-07
1880  9.992203929846e-08
1881  9.970426983973e-08
1882  9.948511999174e-08
1883  9.926813680051e-08
1884  9.904977528935e-08
1885  9.883357498044e-08
1886  9.861776391282e-08
1887  9.840234125022e-08
1888  9.818730615926e-08
1889  9.797441770082e-08
1890  9.776015340026e-08
1891  9.754803036021e-08
1892  9.733453355615e-08
1893  9.712492512663e-08
1894  9.691394130986e-08
1895  9.670333561470e-08
1896  9.649310723572e-08
1897  9.628500045325e-08
1898  9.607726570685e-08
1899  9.586990220628e-08
1900  9.566290916426e-08
1901  9.545628579523e-08
1902  9.525003131658e-08
1903  9.504761314737e-08
1904  9.484209046857e-08
1905  9.463866481246e-08
1906  9.443560131437e-08
1907  9.423462604609e-08
1908  9.403228276865e-08
1909  9.383374580923e-08
1910  9.363211792779e-08
1911  9.343428765243e-08
1912  9.323508999293e-08
1913  9.303796164683e-08
1914  9.283946803914e-08
1915  9.264475113278e-08
1916  9.244866751198e-08
1917  9.225463955416e-08
1918  9.205924701677e-08
1919  9.186761045785e-08
1920  9.167290436533e-08
1921  9.148194573022e-08
1922  9.128962324168e-08
1923  9.110103618626e-08
1924  9.090938743179e-08
1925  9.072146566786e-08
1926  9.053218082302e-08
1927  9.034661104460e-08
1928  9.015798740373e-08
1929  8.997307046448e-08
1930  8.978679126267e-08
1931  8.960252274998e-08
1932  8.941857658854e-08
1933  8.923495212329e-08
1934  8.905164870145e-08
1935  8.887034290582e-08
1936  8.868935339070e-08
1937  8.850867951767e-08
1938  8.832832065039e-08
1939  8.814994647716e-08
1940  8.797188260108e-08
1941  8.779412840018e-08
1942  8.761668325429e-08
1943  8.744120999965e-08
1944  8.726604114511e-08
1945  8.709117608491e-08
1946  8.691661421488e-08
1947  8.674401156120e-08
1948  8.657005256790e-08
1949  8.639970142889e-08
1950  8.622634123622e-08
1951  8.605658093930e-08
1952  8.588546534617e-08
1953  8.571793834499e-08
1954  8.554741011771e-08
1955  8.538046259646e-08
1956  8.521216086370e-08
1957  8.504742862602e-08
1958  8.487970298911e-08
1959  8.471553903305e-08
1960  8.455002199028e-08
1961  8.438642244488e-08
1962  8.422147205374e-08
1963  8.406006447808e-08
1964  8.389730497705e-08
1965  8.373645083867e-08
1966  8.357424702479e-08
1967  8.341394420200e-08
1968  8.325391542078e-08
1969  8.309577998349e-08
1970  8.293629607560e-08
1971  8.277870118849e-08
1972  8.261976008539e-08
1973  8.246431696099e-08
1974  8.230752660416e-08
1975  8.215261341075e-08
1976  8.199635524689e-08
1977  8.184196998664e-08
1978  8.168624201388e-08
1979  8.153398620033e-08
1980  8.138038669039e-08
1981  8.122864838093e-08
1982  8.107556863942e-08
1983  8.092434589975e-08
1984  8.077337941758e-08
1985  8.062426254022e-08
1986  8.047221332085e-08
1987  8.032360337256e-08
1988  8.017365556359e-08
1989  8.002713648324e-08
1990  7.987769278690e-08
1991  7.973167050913e-08
1992  7.958272906407e-08
1993  7.943720175108e-08
1994  7.929034017620e-08
1995  7.914530441596e-08
1996  7.899893665211e-08
1997  7.885596536351e-08
1998  7.871008801757e-08
1999  7.856759994356e-08
2000  7.842221121462e-08
2001  7.828020457665e-08
2002  7.813686954747e-08
2003  7.799534100975e-08
2004  7.785248632927e-08
2005  7.771143413527e-08
2006  7.756905804048e-08
2007  7.742848043941e-08
2008  7.728813870220e-08
2009  7.714803239867e-08
2010  7.700816109266e-08
2011  7.686852435518e-08
2012  7.672912175121e-08
2013  7.659150265606e-08
2014  7.645256549073e-08
2015  7.631540790115e-08
2016  7.617538926684e-08
2017  7.603869301310e-08
2018  7.590068312127e-08
2019  7.576598557761e-08
2020  7.562843446891e-08
2021  7.549265120159e-08
2022  7.535555870227e-08
2023  7.522023015364e-08
2024  7.508512757073e-08
2025  7.495025053685e-08
2026  7.481406864524e-08
2027  7.467964295513e-08
2028  7.454544154892e-08
2029  7.441146401084e-08
2030  7.427770991783e-08
2031  7.414417885455e-08
2032  7.400934943449e-08
2033  7.387778413304e-08
2034  7.374340166221e-08
2035  7.361227649452e-08
2036  7.347833928852e-08
2037  7.334613908004e-08
2038  7.321415896251e-08
2039  7.308239852148e-08
2040  7.294934827303e-08
2041  7.281953498474e-08
2042  7.268692494454e-08
2043  7.255604048585e-08
2044  7.242387044097e-08
2045  7.229492388023e-08
2046  7.216319067017e-08
2047  7.203317547298e-08
2048  7.190187887543e-08
2049  7.177229651774e-08
2050  7.164143483826e-08
2051  7.151228363383e-08
2052  7.138185517725e-08
2053  7.125313343915e-08
2054  7.112164794538e-08
2055  7.099335543389e-08
2056  7.086378978092e-08
2057  7.073592335532e-08
2058  7.060530304658e-08
2059  7.047786245739e-08
2060  7.034767289441e-08
2061  7.021917797098e-08
2062  7.009089591077e-08
2063  6.996282629115e-08
2064  6.983349450233e-08
2065  6.970584990579e-08
2066  6.957694513603e-08
2067  6.944972384609e-08
2068  6.932124437046e-08
2069  6.919444467031e-08
2070  6.906638876371e-08
2071  6.893854470409e-08
2072  6.881091205412e-08
2073  6.868349038456e-08
2074  6.855627925818e-08
2075  6.842927824576e-08
2076  6.830102972081e-08
2077  6.817444903555e-08
2078  6.804662277282e-08
2079  6.792046067500e-08
2080  6.779305492708e-08
2081  6.766730967794e-08
2082  6.753887389374e-08
2083  6.741354514609e-08
2084  6.728553055277e-08
2085  6.716061656263e-08
2086  6.703302140104e-08
2087  6.690707855343e-08
2088  6.677990244692e-08
2089  6.665581412571e-08
2090  6.652761619787e-08
2091  6.640250242199e-08
2092  6.627615914059e-08
2093  6.615145727329e-08
2094  6.602409551640e-08
2095  6.589980517687e-08
2096  6.577285953808e-08
2097  6.564755081760e-08
2098  6.552102089217e-08
2099  6.539612427836e-08
2100  6.527000829709e-08
2101  6.514552203072e-08
2102  6.501981822893e-08
2103  6.489574055543e-08
2104  6.476902850124e-08
2105  6.464535901837e-08
2106  6.451905966723e-08
2107  6.439579662309e-08
2108  6.426990821067e-08
2109  6.414563790428e-08
2110  6.402016000997e-08
2111  6.389629666566e-08
2112  6.377122752999e-08
2113  6.364776939910e-08
2114  6.352170198401e-08
2115  6.339864865312e-08
2116  6.327439310999e-08
2117  6.315034020647e-08
2118  6.302508952066e-08
2119  6.290284057184e-08
2120  6.277799562884e-08
2121  6.265475025077e-08
2122  6.253031062878e-08
2123  6.240746707244e-08
2124  6.228343103566e-08
2125  6.216098757710e-08
2126  6.203735339864e-08
2127  6.191530832295e-08
2128  6.179068742537e-08
2129  6.166904032931e-08
2130  6.154482176741e-08
2131  6.142357094783e-08
2132  6.129975300883e-08
2133  6.117889677266e-08
2134  6.105547775406e-08
2135  6.093363663588e-08
2136  6.081061613507e-08
2137  6.069054531579e-08
2138  6.056792035850e-08
2139  6.044686646715e-08
2140  6.032463666549e-08
2141  6.020397453078e-08
2142  6.008213821868e-08
2143  5.996186618744e-08
2144  5.983905546797e-08
2145  5.971917317198e-08
2146  5.959812015886e-08
2147  5.947862469171e-08
2148  5.935659907669e-08
2149  5.923749008693e-08
2150  5.911721383581e-08
2151  5.899848844843e-08
2152  5.887724142130e-08
2153  5.875889930263e-08
2154  5.863803978574e-08
2155  5.852007934862e-08
2156  5.839960574722e-08
2157  5.828202541736e-08
2158  5.816328472689e-08
2159  5.804473436602e-08
2160  5.792637394518e-08
2161  5.780820307811e-08
2162  5.769022137878e-08
2163  5.757242846400e-08
2164  5.745482395149e-08
2165  5.733874733372e-08
2166  5.722017861438e-08
2167  5.710447443549e-08
2168  5.698628234632e-08
2169  5.687094911299e-08
2170  5.675313215410e-08
2171  5.663816838720e-08
2172  5.652205632511e-08
2173  5.640745933505e-08
2174  5.629038697119e-08
2175  5.617615653552e-08
2176  5.606078125526e-08
2177  5.594691472018e-08
2178  5.583190506762e-08
2179  5.571840101884e-08
2180  5.560243407881e-08
2181  5.548929232828e-08
2182  5.537501091520e-08
2183  5.526354673689e-08
2184  5.514962554664e-08
2185  5.503720062129e-08
2186  5.492363949559e-08
2187  5.481157155041e-08
2188  5.469968099475e-08
2189  5.458796749367e-08
2190  5.447643072259e-08
2191  5.436507034986e-08
2192  5.425388605530e-08
2193  5.414287751085e-08
2194  5.403204440066e-08
2195  5.392268990614e-08
2196  5.381220551738e-08
2197  5.370319674197e-08
2198  5.359305982081e-08
2199  5.348439552501e-08
2200  5.337460483360e-08
2201  5.326628379405e-08
2202  5.315813334378e-08
2203  5.305015317753e-08
2204  5.294234300587e-08
2205  5.283470252740e-08
2206  5.272723145679e-08
2207  5.262121886901e-08
2208  5.251408457009e-08
2209  5.240840584711e-08
2210  5.230160717966e-08
2211  5.219626119541e-08
2212  5.208979703468e-08
2213  5.198478267825e-08
2214  5.187993314896e-08
2215  5.177524816846e-08
2216  5.167072747595e-08
2217  5.156764856649e-08
2218  5.146345449176e-08
2219  5.136069937139e-08
2220  5.125683086738e-08
2221  5.115439850239e-08
2222  5.105085453602e-08
2223  5.095001478956e-08
2224  5.084679319896e-08
2225  5.074627075723e-08
2226  5.064463800288e-08
2227  5.054443074648e-08
2228  5.044184978338e-08
2229  5.034322193594e-08
2230  5.024222217437e-08
2231  5.014264241160e-08
2232  5.004321837057e-08
2233  4.994394981088e-08
2234  4.984483651062e-08
2235  4.974713550737e-08
2236  4.964833090638e-08
2237  4.955093590244e-08
2238  4.945243909957e-08
2239  4.935534920465e-08
2240  4.925841097864e-08
2241  4.916162419502e-08
2242  4.906498864588e-08
2243  4.896975243219e-08
2244  4.887341758549e-08
2245  4.877847942480e-08
2246  4.868244443177e-08
2247  4.858780348478e-08
2248  4.849331028325e-08
2249  4.839896461279e-08
2250  4.830476627679e-08
2251  4.821195453225e-08
2252  4.811804914395e-08
2253  4.802552774245e-08
2254  4.793191449537e-08
2255  4.783968263851e-08
2256  4.774759471353e-08
2257  4.765565051400e-08
2258  4.756384985366e-08
2259  4.747342323523e-08
2260  4.738190796731e-08
2261  4.729176417618e-08
2262  4.720053352557e-08
2263  4.711067179355e-08
2264  4.702095026701e-08
2265  4.693136874628e-08
2266  4.684192705090e-08
2267  4.675384702130e-08
2268  4.666468332050e-08
2269  4.657687875438e-08
2270  4.648799229454e-08
2271  4.640046244352e-08
2272  4.631185247046e-08
2273  4.622581218364e-08
2274  4.613869140260e-08
2275  4.605292006109e-08
2276  4.596485759623e-08
2277  4.587935552869e-08
2278  4.579277649273e-08
2279  4.570875110071e-08
2280  4.562244022580e-08
2281  4.553747129477e-08
2282  4.545263492572e-08
2283  4.536913589766e-08
2284  4.528335911149e-08
2285  4.520012216044e-08
2286  4.511581310819e-08
2287  4.503283644084e-08
2288  4.494878940270e-08
2289  4.486727094361e-08
2290  4.478348412243e-08
2291  4.470222131969e-08
2292  4.461869396424e-08
2293  4.453768607466e-08
2294  4.445561087614e-08
2295  4.437485611024e-08
2296  4.429303573974e-08
2297  4.421253334621e-08
2298  4.413096704338e-08
2299  4.405071626358e-08
2300  4.396940326051e-08
2301  4.389058952802e-08
2302  4.380952801890e-08
2303  4.373096127177e-08
2304  4.365133359187e-08
2305  4.357301203218e-08
2306  4.349245014258e-08
2307  4.341555405805e-08
2308  4.333524028216e-08
2309  4.325858578027e-08
2310  4.317969629585e-08
2311  4.310210561174e-08
2312  4.302346059865e-08
2313  4.294728587358e-08
2314  4.286888350518e-08
2315  4.279294696105e-08
2316  4.271595730847e-08
2317  4.264025712390e-08
2318  4.256233657615e-08
2319  4.248687294321e-08
2320  4.241035941796e-08
2321  4.233513050070e-08
2322  4.225885328459e-08
2323  4.218385824732e-08
2324  4.210781649463e-08
2325  4.203421633417e-08
2326  4.195840819044e-08
2327  4.188387736896e-08
2328  4.180830296942e-08
2329  4.173516131906e-08
2330  4.165981879415e-08
2331  4.158690460568e-08
2332  4.151294795383e-08
2333  4.143910547222e-08
2334  4.136537694540e-08
2335  4.129291405660e-08
2336  4.121826084507e-08
2337  4.114602276404e-08
2338  4.107274680764e-08
2339  4.100073164749e-08
2340  4.092768012211e-08
2341  4.085588697295e-08
2342  4.078305895914e-08
2343  4.071148690198e-08
2344  4.063888147115e-08
2345  4.056752957756e-08
2346  4.049514579186e-08
2347  4.042515329201e-08
2348  4.035298923370e-08
2349  4.028207387660e-08
2350  4.021012956360e-08
2351  4.013943153429e-08
2352  4.006884132870e-08
2353  3.999835869938e-08
2354  3.992685001362e-08
2355  3.985771521629e-08
2356  3.978642240148e-08
2357  3.971636862580e-08
2358  3.964642121499e-08
2359  3.957657991596e-08
2360  3.950571684480e-08
2361  3.943721467775e-08
2362  3.936656450676e-08
2363  3.929827092461e-08
2364  3.922783265072e-08
2365  3.915974665703e-08
2366  3.908951927141e-08
2367  3.902163986412e-08
2368  3.895162235214e-08
2369  3.888394852369e-08
2370  3.881413986553e-08
2371  3.874667060345e-08
2372  3.867706977463e-08
2373  3.860980406166e-08
2374  3.854041003338e-08
2375  3.847334684838e-08
2376  3.840415858822e-08
2377  3.833729690637e-08
2378  3.826831337838e-08
2379  3.820165217169e-08
2380  3.813287233721e-08
2381  3.806641057518e-08
2382  3.799783339313e-08
2383  3.793157004311e-08
2384  3.786319447039e-08
2385  3.779712849784e-08
2386  3.772895349022e-08
2387  3.766308385965e-08
2388  3.759510837195e-08
2389  3.752943404741e-08
2390  3.746165703468e-08
2391  3.739507838155e-08
2392  3.732859739748e-08
2393  3.726221381451e-08
2394  3.719483153319e-08
2395  3.712973782907e-08
2396  3.706255088826e-08
2397  3.699764834965e-08
2398  3.693065570853e-08
2399  3.686485201940e-08
2400  3.679805354830e-08
2401  3.673353115955e-08
2402  3.666692491172e-08
2403  3.660150294657e-08
2404  3.653508879432e-08
2405  3.647094244752e-08
2406  3.640471845621e-08
2407  3.633967410417e-08
2408  3.627364015036e-08
2409  3.620986576985e-08
2410  3.614401993293e-08
2411  3.607934911962e-08
2412  3.601369128241e-08
2413  3.594920617164e-08
2414  3.588373532315e-08
2415  3.581943491154e-08
2416  3.575415004728e-08
2417  3.569003333837e-08
2418  3.562493346115e-08
2419  3.556099946607e-08
2420  3.549608358646e-08
2421  3.543233132400e-08
2422  3.536759846063e-08
2423  3.530402695788e-08
2424  3.523947613786e-08
2425  3.517608443084e-08
2426  3.511171469028e-08
2427  3.504850182420e-08
2428  3.498431220880e-08
2429  3.492127723874e-08
2430  3.485726680417e-08
2431  3.479440879507e-08
2432  3.472951473033e-08
2433  3.466683363025e-08
2434  3.460317963715e-08
2435  3.454067365778e-08
2436  3.447719607350e-08
2437  3.441486431244e-08
2438  3.435050557836e-08
2439  3.428834801084e-08
2440  3.422522141837e-08
2441  3.416323629726e-08
2442  3.409923024458e-08
2443  3.403741756517e-08
2444  3.397463844799e-08
2445  3.391299649212e-08
2446  3.384933963712e-08
2447  3.378786842108e-08
2448  3.372543336298e-08
2449  3.366413119866e-08
2450  3.360082016001e-08
2451  3.353968708592e-08
2452  3.347759277529e-08
2453  3.341662713440e-08
2454  3.335365863734e-08
2455  3.329286049113e-08
2456  3.323110372435e-08
2457  3.317047144752e-08
2458  3.310784232697e-08
2459  3.304737600466e-08
2460  3.298595368903e-08
2461  3.292565172812e-08
2462  3.286335893109e-08
2463  3.280322144097e-08
2464  3.274213059671e-08
2465  3.268215601693e-08
2466  3.262122940769e-08
2467  3.256141703524e-08
2468  3.249962283066e-08
2469  3.243997281184e-08
2470  3.237937342130e-08
2471  3.231988424496e-08
2472  3.225944703102e-08
2473  3.220011803738e-08
2474  3.213881620730e-08
2475  3.208067288709e-08
2476  3.201953359146e-08
2477  3.196052386827e-08
2478  3.190057012769e-08
2479  3.184171869200e-08
2480  3.178192458557e-08
2481  3.172323083480e-08
2482  3.166359576303e-08
2483  3.160607782103e-08
2484  3.154558248615e-08
2485  3.148821942732e-08
2486  3.142889986452e-08
2487  3.137067487652e-08
2488  3.131151263561e-08
2489  3.125445687165e-08
2490  3.119545059447e-08
2491  3.113753509245e-08
2492  3.107868506418e-08
2493  3.102193448436e-08
2494  3.096323937735e-08
2495  3.090664022650e-08
2496  3.084809953997e-08
2497  3.079165133147e-08
2498  3.073326457728e-08
2499  3.067696683708e-08
2500  3.061873353964e-08
2501  3.056258580592e-08
2502  3.050450550168e-08
2503  3.044850732464e-08
2504  3.039158126222e-08
2505  3.033573140427e-08
2506  3.027795494443e-08
2507  3.022225377993e-08
2508  3.016562750259e-08
2509  3.011007381987e-08
2510  3.005359641354e-08
2511  2.999818981106e-08
2512  2.994186087547e-08
2513  2.988660096177e-08
2514  2.983042010663e-08
2515  2.977629945900e-08
2516  2.972026551466e-08
2517  2.966529705512e-08
2518  2.960941044109e-08
2519  2.955557736363e-08
2520  2.949983693208e-08
2521  2.944614671978e-08
2522  2.939055212016e-08
2523  2.933700443382e-08
2524  2.928254121509e-08
2525  2.922913494288e-08
2526  2.917383020709e-08
2527  2.912056580722e-08
2528  2.906638867402e-08
2529  2.901326505205e-08
2530  2.895923009617e-08
2531  2.890624694486e-08
2532  2.885235385809e-08
2533  2.879951087570e-08
2534  2.874575935544e-08
2535  2.869305624569e-08
2536  2.863944599441e-08
2537  2.858785828162e-08
2538  2.853438823787e-08
2539  2.848293751495e-08
2540  2.842960739355e-08
2541  2.837829338451e-08
2542  2.832510290415e-08
2543  2.827489655382e-08
2544  2.822184467288e-08
2545  2.817080251459e-08
2546  2.811885865271e-08
2547  2.806795164021e-08
2548  2.801614431387e-08
2549  2.796537218560e-08
2550  2.791370113041e-08
2551  2.786306362601e-08
2552  2.781152857874e-08
2553  2.776198906424e-08
2554  2.771058900818e-08
2555  2.766118133870e-08
2556  2.760991601535e-08
2557  2.756063993932e-08
2558  2.750950909021e-08
2559  2.746036435601e-08
2560  2.741032608550e-08
2561  2.736131169245e-08
2562  2.731044826607e-08
2563  2.726156471033e-08
2564  2.721179035546e-08
2565  2.716399126854e-08
2566  2.711339348153e-08
2567  2.706572249108e-08
2568  2.701620953459e-08
2569  2.696771398467e-08
2570  2.691928263101e-08
2571  2.687091541082e-08
2572  2.682166281410e-08
2573  2.677437310807e-08
2574  2.672619789454e-08
2575  2.667903378618e-08
2576  2.663003901521e-08
2577  2.658300097928e-08
2578  2.653508011488e-08
2579  2.648816715172e-08
2580  2.644037269156e-08
2581  2.639358453293e-08
2582  2.634591620284e-08
2583  2.629925257532e-08
2584  2.625171009624e-08
2585  2.620611064140e-08
2586  2.615869300230e-08
2587  2.611321533843e-08
2588  2.606592225279e-08
2589  2.602056609721e-08
2590  2.597339727286e-08
2591  2.592816233710e-08
2592  2.588205232679e-08
2593  2.583693759560e-08
2594  2.579001567319e-08
2595  2.574502156828e-08
2596  2.569915496877e-08
2597  2.565428046573e-08
2598  2.560853474878e-08
2599  2.556470936019e-08
2600  2.551908349375e-08
2601  2.547444654266e-08
2602  2.542894091979e-08
2603  2.538534958914e-08
2604  2.533996316750e-08
2605  2.529648802523e-08
2606  2.525122047059e-08
2607  2.520786118558e-08
2608  2.516271215663e-08
2609  2.511946839063e-08
2610  2.507535954232e-08
2611  2.503223024390e-08
2612  2.498731650909e-08
2613  2.494430203324e-08
2614  2.490042494403e-08
2615  2.485752422899e-08
2616  2.481376212526e-08
2617  2.477189188625e-08
2618  2.472732731956e-08
2619  2.468556870825e-08
2620  2.464203476029e-08
2621  2.460038670487e-08
2622  2.455696591676e-08
2623  2.451451515137e-08
2624  2.447120783131e-08
2625  2.442978044338e-08
2626  2.438658550028e-08
2627  2.434526751394e-08
2628  2.430309396590e-08
2629  2.426188429223e-08
2630  2.421891220415e-08
2631  2.417781113244e-08
2632  2.413495020224e-08
2633  2.409486329142e-08
2634  2.405211241241e-08
2635  2.401122662218e-08
2636  2.396948996676e-08
2637  2.392871084755e-08
2638  2.388708202260e-08
2639  2.384731100504e-08
2640  2.380488772596e-08
2641  2.376522116091e-08
2642  2.372380602063e-08
2643  2.368334366864e-08
2644  2.364203505559e-08
2645  2.360257541781e-08
2646  2.356137220925e-08
2647  2.352201503995e-08
2648  2.348091678996e-08
2649  2.344076658754e-08
2650  2.340066790587e-08
2651  2.336062063415e-08
2652  2.332062465745e-08
2653  2.328157222724e-08
2654  2.324078613792e-08
2655  2.320183438647e-08
2656  2.316115143407e-08
2657  2.312229990547e-08
2658  2.308260863666e-08
2659  2.304385620392e-08
2660  2.300337746563e-08
2661  2.296472433769e-08
2662  2.292523368152e-08
2663  2.288667873024e-08
2664  2.284728735114e-08
2665  2.280883011501e-08
2666  2.276865386444e-08
2667  2.273117756421e-08
2668  2.269110098352e-08
2669  2.265372014821e-08
2670  2.261374276744e-08
2671  2.257645693577e-08
2672  2.253745800471e-08
2673  2.249938699545e-08
2674  2.246048500879e-08
2675  2.242250939593e-08
2676  2.238370388668e-08
2677  2.234669964391e-08
2678  2.230798949172e-08
2679  2.227020262794e-08
2680  2.223158802354e-08
2681  2.219476899450e-08
2682  2.215624882278e-08
2683  2.211952139120e-08
2684  2.208109519345e-08
2685  2.204358768374e-08
2686  2.200525565164e-08
2687  2.196871070884e-08
2688  2.193047173841e-08
2689  2.189401704294e-08
2690  2.185587068283e-08
2691  2.181950579093e-08
2692  2.178145159314e-08
2693  2.174517606443e-08
2694  2.170721358466e-08
2695  2.167102698243e-08
2696  2.163315578019e-08
2697  2.159705767180e-08
2698  2.155927731099e-08
2699  2.152326726819e-08
2700  2.148643888903e-08
2701  2.145051585057e-08
2702  2.141291524561e-08
2703  2.137707943223e-08
2704  2.133956839023e-08
2705  2.130381938863e-08
2706  2.126725524961e-08
2707  2.123159201860e-08
2708  2.119425822716e-08
2709  2.115868099979e-08
2710  2.112143554181e-08
2711  2.108679851797e-08
2712  2.104964036513e-08
2713  2.101423333474e-08
2714  2.097801543432e-08
2715  2.094269261281e-08
2716  2.090570853699e-08
2717  2.087047017749e-08
2718  2.083442308449e-08
2719  2.079926819260e-08
2720  2.076330563693e-08
2721  2.072823385331e-08
2722  2.069150777276e-08
2723  2.065736644915e-08
2724  2.062072544051e-08
2725  2.058581944584e-08
2726  2.055010900144e-08
2727  2.051528508009e-08
2728  2.047965778272e-08
2729  2.044491560542e-08
2730  2.040937112700e-08
2731  2.037471037231e-08
2732  2.033924839263e-08
2733  2.030466874701e-08
2734  2.026928895382e-08
2735  2.023479011174e-08
2736  2.019949220085e-08
2737  2.016507386483e-08
2738  2.012985754009e-08
2739  2.009635663630e-08
2740  2.006038439418e-08
2741  2.002696220471e-08
2742  1.999107220197e-08
2743  1.995772845637e-08
2744  1.992275458639e-08
2745  1.988865485453e-08
2746  1.985376146883e-08
2747  1.981974087868e-08
2748  1.978492772172e-08
2749  1.975181716113e-08
2750  1.971708338121e-08
2751  1.968321973244e-08
2752  1.964856569565e-08
2753  1.961560919097e-08
2754  1.958103406410e-08
2755  1.954732643026e-08
2756  1.951283059248e-08
2757  1.948002725921e-08
2758  1.944560989545e-08
2759  1.941205741257e-08
2760  1.937771891467e-08
2761  1.934506792984e-08
2762  1.931080750039e-08
2763  1.927823210197e-08
2764  1.924404954990e-08
2765  1.921154955553e-08
2766  1.917662374339e-08
2767  1.914419957094e-08
2768  1.911017282117e-08
2769  1.907782370774e-08
2770  1.904387430284e-08
2771  1.901160008667e-08
2772  1.897772786302e-08
2773  1.894552838880e-08
2774  1.891173318916e-08
2775  1.887960830785e-08
2776  1.884588998113e-08
2777  1.881383954972e-08
2778  1.878101182833e-08
2779  1.874903512411e-08
2780  1.871546952856e-08
2781  1.868356700666e-08
2782  1.865007786666e-08
2783  1.861824940077e-08
2784  1.858483658755e-08
2785  1.855389184856e-08
2786  1.852055465716e-08
2787  1.848887336386e-08
2788  1.845561225750e-08
2789  1.842481214327e-08
2790  1.839162642860e-08
2791  1.836009186500e-08
2792  1.832778774871e-08
2793  1.829632610599e-08
2794  1.826409601494e-08
2795  1.823270719568e-08
2796  1.819974759767e-08
2797  1.816923494193e-08
2798  1.813635032413e-08
2799  1.810590915906e-08
2800  1.807309942719e-08
2801  1.804272966728e-08
2802  1.801079472733e-08
2803  1.797969629216e-08
2804  1.794783491694e-08
2805  1.791680886404e-08
2806  1.788502096912e-08
2807  1.785486436803e-08
2808  1.782235272034e-08
2809  1.779226720674e-08
2810  1.776062546012e-08
2811  1.773061039292e-08
2812  1.769904131972e-08
2813  1.766830287299e-08
2814  1.763680696109e-08
2815  1.760693313582e-08
2816  1.757550974487e-08
2817  1.754570615218e-08
2818  1.751435520751e-08
2819  1.748462177774e-08
2820  1.745334320501e-08
2821  1.742367986863e-08
2822  1.739247359355e-08
2823  1.736288028099e-08
2824  1.733174622910e-08
2825  1.730222287045e-08
2826  1.727194743640e-08
2827  1.724249340503e-08
2828  1.721150301865e-08
2829  1.718211880075e-08
2830  1.715198466028e-08
2831  1.712266962989e-08
2832  1.709182260814e-08
2833  1.706335983546e-08
2834  1.703258410442e-08
2835  1.700418927122e-08
2836  1.697348475316e-08
2837  1.694515778794e-08
2838  1.691452440353e-08
2839  1.688626523307e-08
2840  1.685570290119e-08
2841  1.682751145040e-08
2842  1.679779772860e-08
2843  1.676889627975e-08
2844  1.673925234919e-08
2845  1.671119555854e-08
2846  1.668162078908e-08
2847  1.665285602475e-08
2848  1.662335087538e-08
2849  1.659542842327e-08
2850  1.656599226145e-08
2851  1.653813658090e-08
2852  1.650876931672e-08
2853  1.648098032109e-08
2854  1.645168186206e-08
2855  1.642395946212e-08
2856  1.639472971311e-08
2857  1.636707381693e-08
2858  1.633868163965e-08
2859  1.631109161483e-08
2860  1.628199845248e-08
2861  1.625447474041e-08
2862  1.622621679946e-08
2863  1.619875876445e-08
2864  1.616980177987e-08
2865  1.614317506269e-08
2866  1.611428573977e-08
2867  1.608772342709e-08
2868  1.605890165635e-08
2869  1.603240364399e-08
2870  1.600364931317e-08
2871  1.597721549417e-08
2872  1.594928997058e-08
2873  1.592215875296e-08
2874  1.589429937733e-08
2875  1.586799308444e-08
2876  1.584019921038e-08
2877  1.581395624709e-08
2878  1.578546944493e-08
2879  1.575929022240e-08
2880  1.573162751928e-08
2881  1.570551139186e-08
2882  1.567791382595e-08
2883  1.565186067324e-08
2884  1.562432811859e-08
2885  1.559833781782e-08
2886  1.557162425976e-08
2887  1.554569616371e-08
2888  1.551829272297e-08
2889  1.549242722781e-08
2890  1.546508840824e-08
2891  1.544003689258e-08
2892  1.541276204016e-08
2893  1.538777130757e-08
2894  1.536056028810e-08
2895  1.533488077708e-08
2896  1.530848288751e-08
2897  1.528286493482e-08
2898  1.525652957045e-08
2899  1.523172040857e-08
2900  1.520470006591e-08
2901  1.517995116282e-08
2902  1.515299410006e-08
2903  1.512830532105e-08
2904  1.510215619211e-08
2905  1.507752688870e-08
2906  1.505143921842e-08
2907  1.502612599630e-08
2908  1.500010015610e-08
2909  1.497558990880e-08
2910  1.494962524615e-08
2911  1.492517406603e-08
2912  1.489927043968e-08
2913  1.487487818937e-08
2914  1.484903545744e-08
2915  1.482470199896e-08
2916  1.479892001905e-08
2917  1.477538338695e-08
2918  1.474966151047e-08
2919  1.472544471471e-08
2920  1.469978330533e-08
2921  1.467636103910e-08
2922  1.465075944977e-08
2923  1.462665876455e-08
2924  1.460185199998e-08
2925  1.457780891145e-08
2926  1.455306067920e-08
2927  1.452907505003e-08
2928  1.450438521075e-08
2929  1.448045690370e-08
2930  1.445582531816e-08
2931  1.443195419610e-08
2932  1.440738072519e-08
2933  1.438429679374e-08
2934  1.435905115589e-08
2935  1.433602314104e-08
2936  1.431156498619e-08
2937  1.428859225736e-08
2938  1.426346364648e-08
2939  1.424054656643e-08
2940  1.421620317785e-08
2941  1.419334111866e-08
2942  1.416905466109e-08
2943  1.414624749114e-08
2944  1.412201782903e-08
2945  1.409926541689e-08
2946  1.407509241488e-08
2947  1.405239462924e-08
2948  1.402827815209e-08
2949  1.400563486187e-08
2950  1.398157477468e-08
2951  1.395898584910e-08
2952  1.393570279279e-08
2953  1.391316761323e-08
2954  1.388921941452e-08
2955  1.386673833928e-08
2956  1.384356495413e-08
2957  1.382113736645e-08
2958  1.379730052147e-08
2959  1.377564414750e-08
2960  1.375186253641e-08
2961  1.373025842255e-08
2962  1.370653191229e-08
2963  1.368426449653e-08
2964  1.366130838849e-08
2965  1.363909394257e-08
2966  1.361619170361e-08
2967  1.359474360476e-08
2968  1.357118159525e-08
2969  1.354978524469e-08
2970  1.352627779974e-08
2971  1.350493306801e-08
2972  1.348219116093e-08
2973  1.346018680879e-08
2974  1.343749823819e-08
2975  1.341625587522e-08
2976  1.339362002892e-08
2977  1.337171969340e-08
2978  1.334913691287e-08
2979  1.332799639461e-08
2980  1.330546606786e-08
2981  1.328437603596e-08
2982  1.326189802667e-08
2983  1.324085834793e-08
2984  1.321772711632e-08
2985  1.319744305825e-08
2986  1.317436481199e-08
2987  1.315342590656e-08
2988  1.313110449012e-08
2989  1.311091857475e-08
2990  1.308864844715e-08
2991  1.306780882499e-08
2992  1.304559031495e-08
2993  1.302480036364e-08
2994  1.300263333255e-08
2995  1.298189291947e-08
2996  1.295977722985e-08
2997  1.293978551051e-08
2998  1.291772053759e-08
2999  1.289707828618e-08
3000  1.287506433044e-08
