     2    8.07119e-07
     3    1.61441e-06
     4    2.69107e-06
     5    4.03732e-06
     6    5.65346e-06
     7    7.53983e-06
     8    9.69683e-06
     9    1.21249e-05
    10    1.48246e-05
    11    1.77965e-05
    12    2.10412e-05
    13    2.45595e-05
    14    2.83519e-05
    15    3.24195e-05
    16    3.67629e-05
    17    4.13833e-05
    18    4.62814e-05
    19    5.14584e-05
    20    5.69153e-05
    21    6.26533e-05
    22    6.86737e-05
    23    7.49775e-05
    24    8.15663e-05
    25    8.84413e-05
    26    9.56041e-05
    27    1.03056e-04
    28    1.10799e-04
    29    1.18834e-04
    30    1.27162e-04
    31    1.35787e-04
    32    1.44709e-04
    33    1.53931e-04
    34    1.63453e-04
    35    1.73279e-04
    36    1.83410e-04
    37    1.93848e-04
    38    2.04595e-04
    39    2.15654e-04
    40    2.27027e-04
    41    2.38715e-04
    42    2.50722e-04
    43    2.63050e-04
    44    2.75700e-04
    45    2.88677e-04
    46    3.01981e-04
    47    3.15617e-04
    48    3.29586e-04
    49    3.43891e-04
    50    3.58535e-04
    51    3.73521e-04
    52    3.88852e-04
    53    4.04531e-04
    54    4.20560e-04
    55    4.36943e-04
    56    4.53683e-04
    57    4.70783e-04
    58    4.88247e-04
    59    5.06077e-04
    60    5.24277e-04
    61    5.42850e-04
    62    5.61801e-04
    63    5.81131e-04
    64    6.00846e-04
    65    6.20948e-04
    66    6.41442e-04
    67    6.62330e-04
    68    6.83618e-04
    69    7.05308e-04
    70    7.27404e-04
    71    7.49912e-04
    72    7.72834e-04
    73    7.96174e-04
    74    8.19938e-04
    75    8.44129e-04
    76    8.68751e-04
    77    8.93808e-04
    78    9.19306e-04
    79    9.45249e-04
    80    9.71640e-04
    81    9.98485e-04
    82    1.02579e-03
    83    1.05356e-03
    84    1.08179e-03
    85    1.11050e-03
    86    1.13968e-03
    87    1.16935e-03
    88    1.19950e-03
    89    1.23015e-03
    90    1.26129e-03
    91    1.29294e-03
    92    1.32509e-03
    93    1.35776e-03
    94    1.39094e-03
    95    1.42465e-03
    96    1.45889e-03
    97    1.49367e-03
    98    1.52899e-03
    99    1.56485e-03
   100    1.60126e-03
   101    1.63824e-03
   102    1.67577e-03
   103    1.71388e-03
   104    1.75256e-03
   105    1.79183e-03
   106    1.83168e-03
   107    1.87213e-03
   108    1.91318e-03
   109    1.95484e-03
   110    1.99711e-03
   111    2.04000e-03
   112    2.08352e-03
   113    2.12767e-03
   114    2.17247e-03
   115    2.21791e-03
   116    2.26400e-03
   117    2.31076e-03
   118    2.35818e-03
   119    2.40628e-03
   120    2.45506e-03
   121    2.50453e-03
   122    2.55470e-03
   123    2.60558e-03
   124    2.65716e-03
   125    2.70947e-03
   126    2.76250e-03
   127    2.81627e-03
   128    2.87079e-03
   129    2.92605e-03
   130    2.98208e-03
   131    3.03887e-03
   132    3.09643e-03
   133    3.15478e-03
   134    3.21393e-03
   135    3.27387e-03
   136    3.33463e-03
   137    3.39620e-03
   138    3.45860e-03
   139    3.52183e-03
   140    3.58591e-03
   141    3.65084e-03
   142    3.71664e-03
   143    3.78331e-03
   144    3.85085e-03
   145    3.91929e-03
   146    3.98863e-03
   147    4.05888e-03
   148    4.13005e-03
   149    4.20215e-03
   150    4.27519e-03
   151    4.34918e-03
   152    4.42412e-03
   153    4.50004e-03
   154    4.57694e-03
   155    4.65483e-03
   156    4.73371e-03
   157    4.81361e-03
   158    4.89454e-03
   159    4.97649e-03
   160    5.05949e-03
   161    5.14355e-03
   162    5.22867e-03
   163    5.31488e-03
   164    5.40217e-03
   165    5.49056e-03
   166    5.58006e-03
   167    5.67069e-03
   168    5.76246e-03
   169    5.85538e-03
   170    5.94945e-03
   171    6.04471e-03
   172    6.14114e-03
   173    6.23878e-03
   174    6.33762e-03
   175    6.43769e-03
   176    6.53900e-03
   177    6.64156e-03
   178    6.74538e-03
   179    6.85048e-03
   180    6.95687e-03
   181    7.06456e-03
   182    7.17358e-03
   183    7.28392e-03
   184    7.39561e-03
   185    7.50866e-03
   186    7.62309e-03
   187    7.73890e-03
   188    7.85612e-03
   189    7.97476e-03
   190    8.09483e-03
   191    8.21636e-03
   192    8.33934e-03
   193    8.46381e-03
   194    8.58977e-03
   195    8.71725e-03
   196    8.84625e-03
   197    8.97680e-03
   198    9.10891e-03
   199    9.24260e-03
   200    9.37787e-03
   201    9.51476e-03
   202    9.65328e-03
   203    9.79345e-03
   204    9.93527e-03
   205    1.00788e-02
   206    1.02240e-02
   207    1.03709e-02
   208    1.05196e-02
   209    1.06700e-02
   210    1.08221e-02
   211    1.09761e-02
   212    1.11319e-02
   213    1.12895e-02
   214    1.14489e-02
   215    1.16102e-02
   216    1.17735e-02
   217    1.19386e-02
   218    1.21056e-02
   219    1.22746e-02
   220    1.24455e-02
   221    1.26185e-02
   222    1.27934e-02
   223    1.29704e-02
   224    1.31495e-02
   225    1.33306e-02
   226    1.35138e-02
   227    1.36991e-02
   228    1.38866e-02
   229    1.40762e-02
   230    1.42680e-02
   231    1.44621e-02
   232    1.46583e-02
   233    1.48568e-02
   234    1.50576e-02
   235    1.52607e-02
   236    1.54662e-02
   237    1.56740e-02
   238    1.58842e-02
   239    1.60967e-02
   240    1.63117e-02
   241    1.65292e-02
   242    1.67492e-02
   243    1.69716e-02
   244    1.71966e-02
   245    1.74242e-02
   246    1.76543e-02
   247    1.78871e-02
   248    1.81225e-02
   249    1.83606e-02
   250    1.86014e-02
   251    1.88449e-02
   252    1.90912e-02
   253    1.93402e-02
   254    1.95921e-02
   255    1.98468e-02
   256    2.01044e-02
   257    2.03650e-02
   258    2.06284e-02
   259    2.08949e-02
   260    2.11643e-02
   261    2.14368e-02
   262    2.17123e-02
   263    2.19910e-02
   264    2.22728e-02
   265    2.25577e-02
   266    2.28459e-02
   267    2.31372e-02
   268    2.34319e-02
   269    2.37299e-02
   270    2.40312e-02
   271    2.43358e-02
   272    2.46439e-02
   273    2.49555e-02
   274    2.52705e-02
   275    2.55890e-02
   276    2.59111e-02
   277    2.62369e-02
   278    2.65662e-02
   279    2.68992e-02
   280    2.72359e-02
   281    2.75764e-02
   282    2.79207e-02
   283    2.82688e-02
   284    2.86208e-02
   285    2.89767e-02
   286    2.93366e-02
   287    2.97005e-02
   288    3.00684e-02
   289    3.04404e-02
   290    3.08166e-02
   291    3.11969e-02
   292    3.15814e-02
   293    3.19702e-02
   294    3.23633e-02
   295    3.27608e-02
   296    3.31627e-02
   297    3.35690e-02
   298    3.39799e-02
   299    3.43953e-02
   300    3.48152e-02
   301    3.52399e-02
   302    3.56692e-02
   303    3.61033e-02
   304    3.65421e-02
   305    3.69859e-02
   306    3.74345e-02
   307    3.78881e-02
   308    3.83467e-02
   309    3.88103e-02
   310    3.92791e-02
   311    3.97530e-02
   312    4.02322e-02
   313    4.07166e-02
   314    4.12064e-02
   315    4.17016e-02
   316    4.22022e-02
   317    4.27084e-02
   318    4.32201e-02
   319    4.37374e-02
   320    4.42605e-02
   321    4.47893e-02
   322    4.53239e-02
   323    4.58644e-02
   324    4.64109e-02
   325    4.69633e-02
   326    4.75218e-02
   327    4.80865e-02
   328    4.86574e-02
   329    4.92345e-02
   330    4.98180e-02
   331    5.04079e-02
   332    5.10042e-02
   333    5.16071e-02
   334    5.22166e-02
   335    5.28328e-02
   336    5.34558e-02
   337    5.40856e-02
   338    5.47223e-02
   339    5.53660e-02
   340    5.60167e-02
   341    5.66746e-02
   342    5.73397e-02
   343    5.80120e-02
   344    5.86918e-02
   345    5.93790e-02
   346    6.00737e-02
   347    6.07760e-02
   348    6.14860e-02
   349    6.22038e-02
   350    6.29294e-02
   351    6.36630e-02
   352    6.44046e-02
   353    6.51543e-02
   354    6.59122e-02
   355    6.66784e-02
   356    6.74530e-02
   357    6.82361e-02
   358    6.90277e-02
   359    6.98280e-02
   360    7.06370e-02
   361    7.14549e-02
   362    7.22817e-02
   363    7.31176e-02
   364    7.39626e-02
   365    7.48168e-02
   366    7.56804e-02
   367    7.65534e-02
   368    7.74359e-02
   369    7.83281e-02
   370    7.92300e-02
   371    8.01418e-02
   372    8.10635e-02
   373    8.19953e-02
   374    8.29373e-02
   375    8.38896e-02
   376    8.48523e-02
   377    8.58254e-02
   378    8.68092e-02
   379    8.78038e-02
   380    8.88092e-02
   381    8.98256e-02
   382    9.08530e-02
   383    9.18917e-02
   384    9.29417e-02
   385    9.40032e-02
   386    9.50763e-02
   387    9.61611e-02
   388    9.72577e-02
   389    9.83663e-02
   390    9.94870e-02
   391    1.00620e-01
   392    1.01765e-01
   393    1.02923e-01
   394    1.04093e-01
   395    1.05277e-01
   396    1.06473e-01
   397    1.07682e-01
   398    1.08904e-01
   399    1.10140e-01
   400    1.11389e-01
   401    1.12652e-01
   402    1.13928e-01
   403    1.15219e-01
   404    1.16523e-01
   405    1.17842e-01
   406    1.19175e-01
   407    1.20523e-01
   408    1.21885e-01
   409    1.23263e-01
   410    1.24655e-01
   411    1.26063e-01
   412    1.27486e-01
   413    1.28924e-01
   414    1.30378e-01
   415    1.31848e-01
   416    1.33334e-01
   417    1.34836e-01
   418    1.36355e-01
   419    1.37890e-01
   420    1.39442e-01
   421    1.41011e-01
   422    1.42597e-01
   423    1.44200e-01
   424    1.45821e-01
   425    1.47459e-01
   426    1.49116e-01
   427    1.50790e-01
   428    1.52483e-01
   429    1.54194e-01
   430    1.55924e-01
   431    1.57673e-01
   432    1.59441e-01
   433    1.61228e-01
   434    1.63035e-01
   435    1.64861e-01
   436    1.66707e-01
   437    1.68574e-01
   438    1.70461e-01
   439    1.72368e-01
   440    1.74297e-01
   441    1.76246e-01
   442    1.78217e-01
   443    1.80209e-01
   444    1.82223e-01
   445    1.84259e-01
   446    1.86317e-01
   447    1.88398e-01
   448    1.90502e-01
   449    1.92628e-01
   450    1.94778e-01
   451    1.96951e-01
   452    1.99148e-01
   453    2.01369e-01
   454    2.03614e-01
   455    2.05884e-01
   456    2.08179e-01
   457    2.10498e-01
   458    2.12844e-01
   459    2.15214e-01
   460    2.17611e-01
   461    2.20034e-01
   462    2.22483e-01
   463    2.24960e-01
   464    2.27463e-01
   465    2.29994e-01
   466    2.32552e-01
   467    2.35139e-01
   468    2.37753e-01
   469    2.40397e-01
   470    2.43069e-01
   471    2.45771e-01
   472    2.48502e-01
   473    2.51263e-01
   474    2.54054e-01
   475    2.56876e-01
   476    2.59729e-01
   477    2.62613e-01
   478    2.65529e-01
   479    2.68477e-01
   480    2.71457e-01
   481    2.74469e-01
   482    2.77515e-01
   483    2.80594e-01
   484    2.83707e-01
   485    2.86854e-01
   486    2.90036e-01
   487    2.93252e-01
   488    2.96504e-01
   489    2.99791e-01
   490    3.03115e-01
   491    3.06475e-01
   492    3.09872e-01
   493    3.13306e-01
   494    3.16778e-01
   495    3.20288e-01
   496    3.23837e-01
   497    3.27424e-01
   498    3.31052e-01
   499    3.34719e-01
   500    3.38426e-01
   501    3.42174e-01
   502    3.45963e-01
   503    3.49794e-01
   504    3.53667e-01
   505    3.57583e-01
   506    3.61541e-01
   507    3.65544e-01
   508    3.69590e-01
   509    3.73681e-01
   510    3.77817e-01
   511    3.81998e-01
   512    3.86226e-01
   513    3.90500e-01
   514    3.94821e-01
   515    3.99190e-01
   516    4.03607e-01
   517    4.08073e-01
   518    4.12588e-01
   519    4.17152e-01
   520    4.21767e-01
   521    4.26433e-01
   522    4.31151e-01
   523    4.35920e-01
   524    4.40742e-01
   525    4.45618e-01
   526    4.50547e-01
   527    4.55531e-01
   528    4.60569e-01
   529    4.65664e-01
   530    4.70814e-01
   531    4.76022e-01
   532    4.81287e-01
   533    4.86610e-01
   534    4.91992e-01
   535    4.97434e-01
   536    5.02936e-01
   537    5.08499e-01
   538    5.14123e-01
   539    5.19810e-01
   540    5.25559e-01
   541    5.31372e-01
   542    5.37250e-01
   543    5.43193e-01
   544    5.49201e-01
   545    5.55276e-01
   546    5.61419e-01
   547    5.67629e-01
   548    5.73909e-01
   549    5.80258e-01
   550    5.86678e-01
   551    5.93168e-01
   552    5.99731e-01
   553    6.06367e-01
   554    6.13076e-01
   555    6.19860e-01
   556    6.26719e-01
   557    6.33655e-01
   558    6.40667e-01
   559    6.47758e-01
   560    6.54927e-01
   561    6.62176e-01
   562    6.69506e-01
   563    6.76917e-01
   564    6.84411e-01
   565    6.91988e-01
   566    6.99649e-01
   567    7.07396e-01
   568    7.15229e-01
   569    7.23150e-01
   570    7.31158e-01
   571    7.39256e-01
   572    7.47444e-01
   573    7.55724e-01
   574    7.64096e-01
   575    7.72561e-01
   576    7.81120e-01
   577    7.89776e-01
   578    7.98528e-01
   579    8.07377e-01
   580    8.16326e-01
   581    8.25374e-01
   582    8.34524e-01
   583    8.43776e-01
   584    8.53131e-01
   585    8.62591e-01
   586    8.72157e-01
   587    8.81830e-01
   588    8.91611e-01
   589    9.01501e-01
   590    9.11503e-01
   591    9.21616e-01
   592    9.31843e-01
   593    9.42184e-01
   594    9.52641e-01
   595    9.63216e-01
   596    9.73909e-01
   597    9.84722e-01
   598    9.95656e-01
   599    1.00671e+00
   600    1.01789e+00
   601    1.02920e+00
   602    1.04064e+00
   603    1.05220e+00
   604    1.06389e+00
   605    1.07571e+00
   606    1.08767e+00
   607    1.09976e+00
   608    1.11199e+00
   609    1.12435e+00
   610    1.13686e+00
   611    1.14950e+00
   612    1.16229e+00
   613    1.17522e+00
   614    1.18830e+00
   615    1.20152e+00
   616    1.21490e+00
   617    1.22842e+00
   618    1.24210e+00
   619    1.25593e+00
   620    1.26992e+00
   621    1.28406e+00
   622    1.29837e+00
   623    1.31283e+00
   624    1.32746e+00
   625    1.34226e+00
   626    1.35722e+00
   627    1.37236e+00
   628    1.38766e+00
   629    1.40314e+00
   630    1.41879e+00
   631    1.43462e+00
   632    1.45063e+00
   633    1.46682e+00
   634    1.48319e+00
   635    1.49975e+00
   636    1.51649e+00
   637    1.53343e+00
   638    1.55056e+00
   639    1.56788e+00
   640    1.58540e+00
   641    1.60312e+00
   642    1.62104e+00
   643    1.63917e+00
   644    1.65750e+00
   645    1.67603e+00
   646    1.69478e+00
   647    1.71375e+00
   648    1.73292e+00
   649    1.75232e+00
   650    1.77194e+00
   651    1.79178e+00
   652    1.81185e+00
   653    1.83214e+00
   654    1.85267e+00
   655    1.87343e+00
   656    1.89443e+00
   657    1.91567e+00
   658    1.93715e+00
   659    1.95887e+00
   660    1.98084e+00
   661    2.00307e+00
   662    2.02555e+00
   663    2.04828e+00
   664    2.07128e+00
   665    2.09454e+00
   666    2.11806e+00
   667    2.14186e+00
   668    2.16592e+00
   669    2.19027e+00
   670    2.21489e+00
   671    2.23979e+00
   672    2.26498e+00
   673    2.29046e+00
   674    2.31623e+00
   675    2.34229e+00
   676    2.36866e+00
   677    2.39532e+00
   678    2.42230e+00
   679    2.44958e+00
   680    2.47718e+00
   681    2.50509e+00
   682    2.53333e+00
   683    2.56189e+00
   684    2.59078e+00
   685    2.62000e+00
   686    2.64956e+00
   687    2.67946e+00
   688    2.70970e+00
   689    2.74030e+00
   690    2.77124e+00
   691    2.80254e+00
   692    2.83421e+00
   693    2.86623e+00
   694    2.89863e+00
   695    2.93140e+00
   696    2.96456e+00
   697    2.99809e+00
   698    3.03201e+00
   699    3.06633e+00
   700    3.10104e+00
   701    3.13615e+00
   702    3.17167e+00
   703    3.20760e+00
   704    3.24395e+00
   705    3.28072e+00
   706    3.31791e+00
   707    3.35554e+00
   708    3.39360e+00
   709    3.43210e+00
   710    3.47105e+00
   711    3.51046e+00
   712    3.55032e+00
   713    3.59064e+00
   714    3.63144e+00
   715    3.67270e+00
   716    3.71445e+00
   717    3.75668e+00
   718    3.79941e+00
   719    3.84263e+00
   720    3.88635e+00
   721    3.93059e+00
   722    3.97534e+00
   723    4.02061e+00
   724    4.06641e+00
   725    4.11275e+00
   726    4.15962e+00
   727    4.20704e+00
   728    4.25502e+00
   729    4.30356e+00
   730    4.35266e+00
   731    4.40234e+00
   732    4.45260e+00
   733    4.50345e+00
   734    4.55489e+00
   735    4.60693e+00
   736    4.65959e+00
   737    4.71286e+00
   738    4.76675e+00
   739    4.82128e+00
   740    4.87645e+00
   741    4.93226e+00
   742    4.98873e+00
   743    5.04586e+00
   744    5.10366e+00
   745    5.16215e+00
   746    5.22132e+00
   747    5.28118e+00
   748    5.34175e+00
   749    5.40303e+00
   750    5.46504e+00
   751    5.52777e+00
   752    5.59124e+00
   753    5.65546e+00
   754    5.72044e+00
   755    5.78618e+00
   756    5.85270e+00
   757    5.92000e+00
   758    5.98810e+00
   759    6.05700e+00
   760    6.12672e+00
   761    6.19726e+00
   762    6.26863e+00
   763    6.34085e+00
   764    6.41392e+00
   765    6.48786e+00
   766    6.56267e+00
   767    6.63837e+00
   768    6.71496e+00
   769    6.79246e+00
   770    6.87088e+00
   771    6.95023e+00
   772    7.03053e+00
   773    7.11177e+00
   774    7.19398e+00
   775    7.27717e+00
   776    7.36134e+00
   777    7.44652e+00
   778    7.53271e+00
   779    7.61992e+00
   780    7.70817e+00
   781    7.79747e+00
   782    7.88784e+00
   783    7.97928e+00
   784    8.07181e+00
   785    8.16544e+00
   786    8.26019e+00
   787    8.35607e+00
   788    8.45310e+00
   789    8.55128e+00
   790    8.65064e+00
   791    8.75118e+00
   792    8.85293e+00
   793    8.95589e+00
   794    9.06008e+00
   795    9.16552e+00
   796    9.27222e+00
   797    9.38020e+00
   798    9.48948e+00
   799    9.60006e+00
   800    9.71197e+00
   801    9.82522e+00
   802    9.93983e+00
   803    1.00558e+01
   804    1.01732e+01
   805    1.02920e+01
   806    1.04122e+01
   807    1.05339e+01
   808    1.06570e+01
   809    1.07816e+01
   810    1.09077e+01
   811    1.10353e+01
   812    1.11645e+01
   813    1.12952e+01
   814    1.14275e+01
   815    1.15614e+01
   816    1.16969e+01
   817    1.18340e+01
   818    1.19728e+01
   819    1.21133e+01
   820    1.22554e+01
   821    1.23993e+01
   822    1.25449e+01
   823    1.26923e+01
   824    1.28415e+01
   825    1.29925e+01
   826    1.31453e+01
   827    1.32999e+01
   828    1.34564e+01
   829    1.36149e+01
   830    1.37752e+01
   831    1.39375e+01
   832    1.41018e+01
   833    1.42680e+01
   834    1.44363e+01
   835    1.46066e+01
   836    1.47790e+01
   837    1.49535e+01
   838    1.51301e+01
   839    1.53089e+01
   840    1.54898e+01
   841    1.56730e+01
   842    1.58583e+01
   843    1.60460e+01
   844    1.62359e+01
   845    1.64281e+01
   846    1.66227e+01
   847    1.68197e+01
   848    1.70190e+01
   849    1.72209e+01
   850    1.74251e+01
   851    1.76319e+01
   852    1.78412e+01
   853    1.80531e+01
   854    1.82675e+01
   855    1.84846e+01
   856    1.87043e+01
   857    1.89268e+01
   858    1.91520e+01
   859    1.93799e+01
   860    1.96106e+01
   861    1.98442e+01
   862    2.00806e+01
   863    2.03199e+01
   864    2.05622e+01
   865    2.08075e+01
   866    2.10558e+01
   867    2.13071e+01
   868    2.15615e+01
   869    2.18191e+01
   870    2.20798e+01
   871    2.23438e+01
   872    2.26110e+01
   873    2.28815e+01
   874    2.31554e+01
   875    2.34326e+01
   876    2.37132e+01
   877    2.39974e+01
   878    2.42850e+01
   879    2.45762e+01
   880    2.48710e+01
   881    2.51695e+01
   882    2.54716e+01
   883    2.57775e+01
   884    2.60872e+01
   885    2.64007e+01
   886    2.67182e+01
   887    2.70395e+01
   888    2.73649e+01
   889    2.76943e+01
   890    2.80277e+01
   891    2.83654e+01
   892    2.87072e+01
   893    2.90533e+01
   894    2.94037e+01
   895    2.97585e+01
   896    3.01176e+01
   897    3.04813e+01
   898    3.08495e+01
   899    3.12223e+01
   900    3.15997e+01
   901    3.19819e+01
   902    3.23688e+01
   903    3.27606e+01
   904    3.31572e+01
   905    3.35589e+01
   906    3.39655e+01
   907    3.43772e+01
   908    3.47941e+01
   909    3.52163e+01
   910    3.56437e+01
   911    3.60765e+01
   912    3.65147e+01
   913    3.69584e+01
   914    3.74076e+01
   915    3.78626e+01
   916    3.83232e+01
   917    3.87896e+01
   918    3.92619e+01
   919    3.97402e+01
   920    4.02244e+01
   921    4.07148e+01
   922    4.12113e+01
   923    4.17141e+01
   924    4.22233e+01
   925    4.27388e+01
   926    4.32609e+01
   927    4.37896e+01
   928    4.43249e+01
   929    4.48670e+01
   930    4.54160e+01
   931    4.59719e+01
   932    4.65348e+01
   933    4.71049e+01
   934    4.76822e+01
   935    4.82668e+01
   936    4.88588e+01
   937    4.94584e+01
   938    5.00655e+01
   939    5.06804e+01
   940    5.13030e+01
   941    5.19336e+01
   942    5.25722e+01
   943    5.32189e+01
   944    5.38738e+01
   945    5.45371e+01
   946    5.52088e+01
   947    5.58891e+01
   948    5.65780e+01
   949    5.72758e+01
   950    5.79824e+01
   951    5.86980e+01
   952    5.94228e+01
   953    6.01569e+01
   954    6.09003e+01
   955    6.16533e+01
   956    6.24158e+01
   957    6.31882e+01
   958    6.39704e+01
   959    6.47626e+01
   960    6.55650e+01
   961    6.63777e+01
   962    6.72008e+01
   963    6.80345e+01
   964    6.88788e+01
   965    6.97340e+01
   966    7.06002e+01
   967    7.14776e+01
   968    7.23662e+01
   969    7.32663e+01
   970    7.41779e+01
   971    7.51013e+01
   972    7.60366e+01
   973    7.69839e+01
   974    7.79435e+01
   975    7.89154e+01
   976    7.98999e+01
   977    8.08971e+01
   978    8.19072e+01
   979    8.29304e+01
   980    8.39667e+01
   981    8.50165e+01
   982    8.60799e+01
   983    8.71570e+01
   984    8.82481e+01
   985    8.93534e+01
   986    9.04730e+01
   987    9.16071e+01
   988    9.27559e+01
   989    9.39197e+01
   990    9.50985e+01
   991    9.62927e+01
   992    9.75024e+01
   993    9.87279e+01
   994    9.99693e+01
   995    1.01227e+02
   996    1.02501e+02
   997    1.03791e+02
   998    1.05099e+02
   999    1.06423e+02
  1000    1.07765e+02
  1001    1.09124e+02
  1002    1.10501e+02
  1003    1.11896e+02
  1004    1.13310e+02
  1005    1.14741e+02
  1006    1.16192e+02
  1007    1.17661e+02
  1008    1.19150e+02
  1009    1.20658e+02
  1010    1.22187e+02
  1011    1.23735e+02
  1012    1.25303e+02
  1013    1.26892e+02
  1014    1.28502e+02
  1015    1.30133e+02
  1016    1.31786e+02
  1017    1.33460e+02
  1018    1.35156e+02
  1019    1.36875e+02
  1020    1.38616e+02
  1021    1.40380e+02
  1022    1.42168e+02
  1023    1.43979e+02
  1024    1.45814e+02
  1025    1.47673e+02
  1026    1.49557e+02
  1027    1.51466e+02
  1028    1.53400e+02
  1029    1.55359e+02
  1030    1.57345e+02
  1031    1.59357e+02
  1032    1.61395e+02
  1033    1.63461e+02
  1034    1.65554e+02
  1035    1.67674e+02
  1036    1.69823e+02
  1037    1.72001e+02
  1038    1.74207e+02
  1039    1.76443e+02
  1040    1.78708e+02
  1041    1.81004e+02
  1042    1.83330e+02
  1043    1.85687e+02
  1044    1.88076e+02
  1045    1.90496e+02
  1046    1.92949e+02
  1047    1.95434e+02
  1048    1.97953e+02
  1049    2.00505e+02
  1050    2.03092e+02
  1051    2.05713e+02
  1052    2.08369e+02
  1053    2.11061e+02
  1054    2.13788e+02
  1055    2.16553e+02
  1056    2.19354e+02
  1057    2.22193e+02
  1058    2.25070e+02
  1059    2.27985e+02
  1060    2.30940e+02
  1061    2.33935e+02
  1062    2.36970e+02
  1063    2.40045e+02
  1064    2.43162e+02
  1065    2.46321e+02
  1066    2.49523e+02
  1067    2.52768e+02
  1068    2.56056e+02
  1069    2.59389e+02
  1070    2.62767e+02
  1071    2.66190e+02
  1072    2.69660e+02
  1073    2.73177e+02
  1074    2.76741e+02
  1075    2.80354e+02
  1076    2.84015e+02
  1077    2.87726e+02
  1078    2.91487e+02
  1079    2.95299e+02
  1080    2.99163e+02
  1081    3.03080e+02
  1082    3.07050e+02
  1083    3.11073e+02
  1084    3.15152e+02
  1085    3.19285e+02
  1086    3.23475e+02
  1087    3.27722e+02
  1088    3.32027e+02
  1089    3.36391e+02
  1090    3.40814e+02
  1091    3.45297e+02
  1092    3.49842e+02
  1093    3.54449e+02
  1094    3.59118e+02
  1095    3.63852e+02
  1096    3.68650e+02
  1097    3.73514e+02
  1098    3.78444e+02
  1099    3.83442e+02
  1100    3.88508e+02
  1101    3.93644e+02
  1102    3.98850e+02
  1103    4.04128e+02
  1104    4.09478e+02
  1105    4.14902e+02
  1106    4.20400e+02
  1107    4.25974e+02
  1108    4.31625e+02
  1109    4.37353e+02
  1110    4.43160e+02
  1111    4.49048e+02
  1112    4.55016e+02
  1113    4.61067e+02
  1114    4.67201e+02
  1115    4.73420e+02
  1116    4.79725e+02
  1117    4.86117e+02
  1118    4.92597e+02
  1119    4.99167e+02
  1120    5.05828e+02
  1121    5.12582e+02
  1122    5.19428e+02
  1123    5.26370e+02
  1124    5.33408e+02
  1125    5.40544e+02
  1126    5.47779e+02
  1127    5.55114e+02
  1128    5.62551e+02
  1129    5.70092e+02
  1130    5.77737e+02
  1131    5.85489e+02
  1132    5.93349e+02
  1133    6.01318e+02
  1134    6.09399e+02
  1135    6.17592e+02
  1136    6.25900e+02
  1137    6.34323e+02
  1138    6.42864e+02
  1139    6.51525e+02
  1140    6.60307e+02
  1141    6.69211e+02
  1142    6.78241e+02
  1143    6.87396e+02
  1144    6.96680e+02
  1145    7.06094e+02
  1146    7.15640e+02
  1147    7.25320e+02
  1148    7.35137e+02
  1149    7.45090e+02
  1150    7.55184e+02
  1151    7.65420e+02
  1152    7.75800e+02
  1153    7.86326e+02
  1154    7.97000e+02
  1155    8.07824e+02
  1156    8.18802e+02
  1157    8.29934e+02
  1158    8.41223e+02
  1159    8.52671e+02
  1160    8.64282e+02
  1161    8.76056e+02
  1162    8.87997e+02
  1163    9.00107e+02
  1164    9.12388e+02
  1165    9.24843e+02
  1166    9.37475e+02
  1167    9.50286e+02
  1168    9.63279e+02
  1169    9.76456e+02
  1170    9.89820e+02
  1171    1.00337e+03
  1172    1.01712e+03
  1173    1.03106e+03
  1174    1.04520e+03
  1175    1.05955e+03
  1176    1.07409e+03
  1177    1.08885e+03
  1178    1.10381e+03
  1179    1.11899e+03
  1180    1.13438e+03
  1181    1.14999e+03
  1182    1.16583e+03
  1183    1.18190e+03
  1184    1.19819e+03
  1185    1.21471e+03
  1186    1.23148e+03
  1187    1.24848e+03
  1188    1.26573e+03
  1189    1.28322e+03
  1190    1.30097e+03
  1191    1.31897e+03
  1192    1.33723e+03
  1193    1.35575e+03
  1194    1.37453e+03
  1195    1.39359e+03
  1196    1.41292e+03
  1197    1.43253e+03
  1198    1.45243e+03
  1199    1.47261e+03
  1200    1.49308e+03
  1201    1.51384e+03
  1202    1.53491e+03
  1203    1.55628e+03
  1204    1.57796e+03
  1205    1.59995e+03
  1206    1.62226e+03
  1207    1.64490e+03
  1208    1.66786e+03
  1209    1.69115e+03
  1210    1.71478e+03
  1211    1.73876e+03
  1212    1.76308e+03
  1213    1.78776e+03
  1214    1.81279e+03
  1215    1.83819e+03
  1216    1.86396e+03
  1217    1.89010e+03
  1218    1.91663e+03
  1219    1.94354e+03
  1220    1.97084e+03
  1221    1.99854e+03
  1222    2.02664e+03
  1223    2.05516e+03
  1224    2.08409e+03
  1225    2.11345e+03
  1226    2.14323e+03
  1227    2.17345e+03
  1228    2.20411e+03
  1229    2.23522e+03
  1230    2.26679e+03
  1231    2.29881e+03
  1232    2.33131e+03
  1233    2.36429e+03
  1234    2.39775e+03
  1235    2.43170e+03
  1236    2.46615e+03
  1237    2.50111e+03
  1238    2.53658e+03
  1239    2.57257e+03
  1240    2.60910e+03
  1241    2.64616e+03
  1242    2.68377e+03
  1243    2.72193e+03
  1244    2.76066e+03
  1245    2.79995e+03
  1246    2.83983e+03
  1247    2.88030e+03
  1248    2.92137e+03
  1249    2.96304e+03
  1250    3.00534e+03
  1251    3.04825e+03
  1252    3.09181e+03
  1253    3.13601e+03
  1254    3.18087e+03
  1255    3.22639e+03
  1256    3.27259e+03
  1257    3.31947e+03
  1258    3.36705e+03
  1259    3.41534e+03
  1260    3.46435e+03
  1261    3.51409e+03
  1262    3.56457e+03
  1263    3.61580e+03
  1264    3.66780e+03
  1265    3.72057e+03
  1266    3.77413e+03
  1267    3.82849e+03
  1268    3.88367e+03
  1269    3.93967e+03
  1270    3.99650e+03
  1271    4.05419e+03
  1272    4.11274e+03
  1273    4.17217e+03
  1274    4.23249e+03
  1275    4.29372e+03
  1276    4.35586e+03
  1277    4.41894e+03
  1278    4.48296e+03
  1279    4.54795e+03
  1280    4.61392e+03
  1281    4.68088e+03
  1282    4.74884e+03
  1283    4.81783e+03
  1284    4.88787e+03
  1285    4.95895e+03
  1286    5.03111e+03
  1287    5.10436e+03
  1288    5.17872e+03
  1289    5.25420e+03
  1290    5.33082e+03
  1291    5.40860e+03
  1292    5.48756e+03
  1293    5.56771e+03
  1294    5.64908e+03
  1295    5.73168e+03
  1296    5.81554e+03
  1297    5.90067e+03
  1298    5.98709e+03
  1299    6.07482e+03
  1300    6.16389e+03
  1301    6.25431e+03
  1302    6.34611e+03
  1303    6.43931e+03
  1304    6.53393e+03
  1305    6.62999e+03
  1306    6.72751e+03
  1307    6.82652e+03
  1308    6.92705e+03
  1309    7.02911e+03
  1310    7.13272e+03
  1311    7.23793e+03
  1312    7.34474e+03
  1313    7.45319e+03
  1314    7.56330e+03
  1315    7.67509e+03
  1316    7.78860e+03
  1317    7.90386e+03
  1318    8.02088e+03
  1319    8.13969e+03
  1320    8.26034e+03
  1321    8.38284e+03
  1322    8.50722e+03
  1323    8.63351e+03
  1324    8.76175e+03
  1325    8.89197e+03
  1326    9.02419e+03
  1327    9.15845e+03
  1328    9.29479e+03
  1329    9.43323e+03
  1330    9.57380e+03
  1331    9.71655e+03
  1332    9.86151e+03
  1333    1.00087e+04
  1334    1.01582e+04
  1335    1.03100e+04
  1336    1.04641e+04
  1337    1.06207e+04
  1338    1.07796e+04
  1339    1.09410e+04
  1340    1.11050e+04
  1341    1.12715e+04
  1342    1.14405e+04
  1343    1.16122e+04
  1344    1.17866e+04
  1345    1.19637e+04
  1346    1.21435e+04
  1347    1.23262e+04
  1348    1.25117e+04
  1349    1.27001e+04
  1350    1.28914e+04
  1351    1.30857e+04
  1352    1.32831e+04
  1353    1.34835e+04
  1354    1.36871e+04
  1355    1.38939e+04
  1356    1.41039e+04
  1357    1.43171e+04
  1358    1.45338e+04
  1359    1.47538e+04
  1360    1.49773e+04
  1361    1.52043e+04
  1362    1.54349e+04
  1363    1.56690e+04
  1364    1.59069e+04
  1365    1.61485e+04
  1366    1.63939e+04
  1367    1.66432e+04
  1368    1.68964e+04
  1369    1.71536e+04
  1370    1.74149e+04
  1371    1.76802e+04
  1372    1.79498e+04
  1373    1.82236e+04
  1374    1.85018e+04
  1375    1.87844e+04
  1376    1.90714e+04
  1377    1.93630e+04
  1378    1.96592e+04
  1379    1.99601e+04
  1380    2.02657e+04
  1381    2.05762e+04
  1382    2.08917e+04
  1383    2.12121e+04
  1384    2.15377e+04
  1385    2.18684e+04
  1386    2.22044e+04
  1387    2.25457e+04
  1388    2.28925e+04
  1389    2.32448e+04
  1390    2.36027e+04
  1391    2.39663e+04
  1392    2.43357e+04
  1393    2.47111e+04
  1394    2.50924e+04
  1395    2.54798e+04
  1396    2.58734e+04
  1397    2.62733e+04
  1398    2.66796e+04
  1399    2.70924e+04
  1400    2.75119e+04
  1401    2.79380e+04
  1402    2.83710e+04
  1403    2.88110e+04
  1404    2.92580e+04
  1405    2.97122e+04
  1406    3.01737e+04
  1407    3.06426e+04
  1408    3.11191e+04
  1409    3.16032e+04
  1410    3.20952e+04
  1411    3.25951e+04
  1412    3.31030e+04
  1413    3.36191e+04
  1414    3.41436e+04
  1415    3.46765e+04
  1416    3.52181e+04
  1417    3.57684e+04
  1418    3.63276e+04
  1419    3.68959e+04
  1420    3.74734e+04
  1421    3.80602e+04
  1422    3.86565e+04
  1423    3.92626e+04
  1424    3.98784e+04
  1425    4.05043e+04
  1426    4.11403e+04
  1427    4.17867e+04
  1428    4.24435e+04
  1429    4.31111e+04
  1430    4.37895e+04
  1431    4.44790e+04
  1432    4.51798e+04
  1433    4.58919e+04
  1434    4.66157e+04
  1435    4.73513e+04
  1436    4.80989e+04
  1437    4.88587e+04
  1438    4.96309e+04
  1439    5.04158e+04
  1440    5.12135e+04
  1441    5.20243e+04
  1442    5.28484e+04
  1443    5.36859e+04
  1444    5.45373e+04
  1445    5.54025e+04
  1446    5.62820e+04
  1447    5.71760e+04
  1448    5.80846e+04
  1449    5.90082e+04
  1450    5.99469e+04
  1451    6.09011e+04
  1452    6.18711e+04
  1453    6.28570e+04
  1454    6.38592e+04
  1455    6.48779e+04
  1456    6.59134e+04
  1457    6.69660e+04
  1458    6.80360e+04
  1459    6.91237e+04
  1460    7.02294e+04
  1461    7.13534e+04
  1462    7.24960e+04
  1463    7.36575e+04
  1464    7.48383e+04
  1465    7.60386e+04
  1466    7.72589e+04
  1467    7.84994e+04
  1468    7.97605e+04
  1469    8.10426e+04
  1470    8.23460e+04
  1471    8.36711e+04
  1472    8.50182e+04
  1473    8.63877e+04
  1474    8.77801e+04
  1475    8.91957e+04
  1476    9.06349e+04
  1477    9.20981e+04
  1478    9.35857e+04
  1479    9.50982e+04
  1480    9.66359e+04
  1481    9.81994e+04
  1482    9.97890e+04
  1483    1.01405e+05
  1484    1.03049e+05
  1485    1.04719e+05
  1486    1.06418e+05
  1487    1.08146e+05
  1488    1.09902e+05
  1489    1.11688e+05
  1490    1.13503e+05
  1491    1.15350e+05
  1492    1.17227e+05
  1493    1.19136e+05
  1494    1.21077e+05
  1495    1.23051e+05
  1496    1.25058e+05
  1497    1.27099e+05
  1498    1.29174e+05
  1499    1.31285e+05
  1500    1.33431e+05
  1501    1.35613e+05
  1502    1.37832e+05
  1503    1.40089e+05
  1504    1.42383e+05
  1505    1.44717e+05
  1506    1.47090e+05
  1507    1.49504e+05
  1508    1.51958e+05
  1509    1.54454e+05
  1510    1.56992e+05
  1511    1.59574e+05
  1512    1.62199e+05
  1513    1.64869e+05
  1514    1.67584e+05
  1515    1.70346e+05
  1516    1.73154e+05
  1517    1.76011e+05
  1518    1.78916e+05
  1519    1.81871e+05
  1520    1.84876e+05
  1521    1.87932e+05
  1522    1.91041e+05
  1523    1.94202e+05
  1524    1.97418e+05
  1525    2.00689e+05
  1526    2.04015e+05
  1527    2.07399e+05
  1528    2.10841e+05
  1529    2.14341e+05
  1530    2.17902e+05
  1531    2.21523e+05
  1532    2.25207e+05
  1533    2.28954e+05
  1534    2.32766e+05
  1535    2.36643e+05
  1536    2.40587e+05
  1537    2.44598e+05
  1538    2.48679e+05
  1539    2.52830e+05
  1540    2.57053e+05
  1541    2.61348e+05
  1542    2.65718e+05
  1543    2.70163e+05
  1544    2.74684e+05
  1545    2.79284e+05
  1546    2.83964e+05
  1547    2.88724e+05
  1548    2.93567e+05
  1549    2.98493e+05
  1550    3.03505e+05
  1551    3.08604e+05
  1552    3.13791e+05
  1553    3.19068e+05
  1554    3.24437e+05
  1555    3.29899e+05
  1556    3.35456e+05
  1557    3.41110e+05
  1558    3.46862e+05
  1559    3.52714e+05
  1560    3.58668e+05
  1561    3.64726e+05
  1562    3.70889e+05
  1563    3.77160e+05
  1564    3.83540e+05
  1565    3.90031e+05
  1566    3.96636e+05
  1567    4.03357e+05
  1568    4.10195e+05
  1569    4.17152e+05
  1570    4.24232e+05
  1571    4.31435e+05
  1572    4.38764e+05
  1573    4.46222e+05
  1574    4.53811e+05
  1575    4.61533e+05
  1576    4.69390e+05
  1577    4.77386e+05
  1578    4.85522e+05
  1579    4.93801e+05
  1580    5.02225e+05
  1581    5.10798e+05
  1582    5.19522e+05
  1583    5.28400e+05
  1584    5.37434e+05
  1585    5.46627e+05
  1586    5.55983e+05
  1587    5.65504e+05
  1588    5.75193e+05
  1589    5.85053e+05
  1590    5.95087e+05
  1591    6.05299e+05
  1592    6.15692e+05
  1593    6.26268e+05
  1594    6.37033e+05
  1595    6.47987e+05
  1596    6.59137e+05
  1597    6.70484e+05
  1598    6.82032e+05
  1599    6.93785e+05
  1600    7.05748e+05
  1601    7.17923e+05
  1602    7.30314e+05
  1603    7.42926e+05
  1604    7.55763e+05
  1605    7.68828e+05
  1606    7.82127e+05
  1607    7.95662e+05
  1608    8.09439e+05
  1609    8.23461e+05
  1610    8.37735e+05
  1611    8.52263e+05
  1612    8.67051e+05
  1613    8.82103e+05
  1614    8.97425e+05
  1615    9.13021e+05
  1616    9.28896e+05
  1617    9.45056e+05
  1618    9.61506e+05
  1619    9.78251e+05
  1620    9.95296e+05
  1621    1.01265e+06
  1622    1.03031e+06
  1623    1.04829e+06
  1624    1.06660e+06
  1625    1.08523e+06
  1626    1.10420e+06
  1627    1.12351e+06
  1628    1.14317e+06
  1629    1.16318e+06
  1630    1.18355e+06
  1631    1.20429e+06
  1632    1.22541e+06
  1633    1.24691e+06
  1634    1.26879e+06
  1635    1.29108e+06
  1636    1.31376e+06
  1637    1.33686e+06
  1638    1.36037e+06
  1639    1.38431e+06
  1640    1.40868e+06
  1641    1.43350e+06
  1642    1.45877e+06
  1643    1.48449e+06
  1644    1.51068e+06
  1645    1.53735e+06
  1646    1.56451e+06
  1647    1.59215e+06
  1648    1.62030e+06
  1649    1.64897e+06
  1650    1.67815e+06
  1651    1.70787e+06
  1652    1.73813e+06
  1653    1.76894e+06
  1654    1.80031e+06
  1655    1.83226e+06
  1656    1.86479e+06
  1657    1.89792e+06
  1658    1.93165e+06
  1659    1.96599e+06
  1660    2.00097e+06
  1661    2.03659e+06
  1662    2.07286e+06
  1663    2.10980e+06
  1664    2.14741e+06
  1665    2.18571e+06
  1666    2.22472e+06
  1667    2.26444e+06
  1668    2.30490e+06
  1669    2.34609e+06
  1670    2.38805e+06
  1671    2.43078e+06
  1672    2.47429e+06
  1673    2.51861e+06
  1674    2.56374e+06
  1675    2.60971e+06
  1676    2.65652e+06
  1677    2.70420e+06
  1678    2.75276e+06
  1679    2.80222e+06
  1680    2.85259e+06
  1681    2.90389e+06
  1682    2.95615e+06
  1683    3.00937e+06
  1684    3.06357e+06
  1685    3.11878e+06
  1686    3.17502e+06
  1687    3.23230e+06
  1688    3.29064e+06
  1689    3.35006e+06
  1690    3.41059e+06
  1691    3.47225e+06
  1692    3.53505e+06
  1693    3.59902e+06
  1694    3.66418e+06
  1695    3.73055e+06
  1696    3.79816e+06
  1697    3.86703e+06
  1698    3.93719e+06
  1699    4.00866e+06
  1700    4.08145e+06
  1701    4.15561e+06
  1702    4.23116e+06
  1703    4.30812e+06
  1704    4.38652e+06
  1705    4.46638e+06
  1706    4.54774e+06
  1707    4.63063e+06
  1708    4.71507e+06
  1709    4.80109e+06
  1710    4.88873e+06
  1711    4.97801e+06
  1712    5.06897e+06
  1713    5.16163e+06
  1714    5.25604e+06
  1715    5.35223e+06
  1716    5.45022e+06
  1717    5.55006e+06
  1718    5.65178e+06
  1719    5.75542e+06
  1720    5.86101e+06
  1721    5.96860e+06
  1722    6.07821e+06
  1723    6.18989e+06
  1724    6.30369e+06
  1725    6.41963e+06
  1726    6.53776e+06
  1727    6.65814e+06
  1728    6.78078e+06
  1729    6.90576e+06
  1730    7.03309e+06
  1731    7.16285e+06
  1732    7.29506e+06
  1733    7.42978e+06
  1734    7.56706e+06
  1735    7.70694e+06
  1736    7.84949e+06
  1737    7.99474e+06
  1738    8.14276e+06
  1739    8.29359e+06
  1740    8.44729e+06
  1741    8.60392e+06
  1742    8.76354e+06
  1743    8.92619e+06
  1744    9.09195e+06
  1745    9.26088e+06
  1746    9.43302e+06
  1747    9.60846e+06
  1748    9.78725e+06
  1749    9.96946e+06
  1750    1.01551e+07
  1751    1.03444e+07
  1752    1.05373e+07
  1753    1.07338e+07
  1754    1.09342e+07
  1755    1.11383e+07
  1756    1.13464e+07
  1757    1.15585e+07
  1758    1.17747e+07
  1759    1.19950e+07
  1760    1.22195e+07
  1761    1.24484e+07
  1762    1.26816e+07
  1763    1.29194e+07
  1764    1.31617e+07
  1765    1.34087e+07
  1766    1.36605e+07
  1767    1.39171e+07
  1768    1.41786e+07
  1769    1.44453e+07
  1770    1.47170e+07
  1771    1.49940e+07
  1772    1.52764e+07
  1773    1.55642e+07
  1774    1.58576e+07
  1775    1.61567e+07
  1776    1.64616e+07
  1777    1.67723e+07
  1778    1.70891e+07
  1779    1.74121e+07
  1780    1.77413e+07
  1781    1.80769e+07
  1782    1.84190e+07
  1783    1.87678e+07
  1784    1.91233e+07
  1785    1.94858e+07
  1786    1.98553e+07
  1787    2.02320e+07
  1788    2.06161e+07
  1789    2.10076e+07
  1790    2.14068e+07
  1791    2.18137e+07
  1792    2.22286e+07
  1793    2.26516e+07
  1794    2.30828e+07
  1795    2.35225e+07
  1796    2.39708e+07
  1797    2.44278e+07
  1798    2.48938e+07
  1799    2.53689e+07
  1800    2.58533e+07
  1801    2.63473e+07
  1802    2.68508e+07
  1803    2.73643e+07
  1804    2.78879e+07
  1805    2.84217e+07
  1806    2.89660e+07
  1807    2.95210e+07
  1808    3.00869e+07
  1809    3.06640e+07
  1810    3.12524e+07
  1811    3.18524e+07
  1812    3.24642e+07
  1813    3.30881e+07
  1814    3.37243e+07
  1815    3.43730e+07
  1816    3.50345e+07
  1817    3.57091e+07
  1818    3.63970e+07
  1819    3.70985e+07
  1820    3.78139e+07
  1821    3.85434e+07
  1822    3.92874e+07
  1823    4.00461e+07
  1824    4.08198e+07
  1825    4.16089e+07
  1826    4.24136e+07
  1827    4.32342e+07
  1828    4.40712e+07
  1829    4.49247e+07
  1830    4.57953e+07
  1831    4.66831e+07
  1832    4.75886e+07
  1833    4.85121e+07
  1834    4.94540e+07
  1835    5.04146e+07
  1836    5.13943e+07
  1837    5.23936e+07
  1838    5.34128e+07
  1839    5.44524e+07
  1840    5.55127e+07
  1841    5.65941e+07
  1842    5.76972e+07
  1843    5.88223e+07
  1844    5.99699e+07
  1845    6.11405e+07
  1846    6.23345e+07
  1847    6.35524e+07
  1848    6.47947e+07
  1849    6.60618e+07
  1850    6.73544e+07
  1851    6.86730e+07
  1852    7.00179e+07
  1853    7.13899e+07
  1854    7.27895e+07
  1855    7.42171e+07
  1856    7.56735e+07
  1857    7.71592e+07
  1858    7.86747e+07
  1859    8.02208e+07
  1860    8.17980e+07
  1861    8.34071e+07
  1862    8.50485e+07
  1863    8.67231e+07
  1864    8.84314e+07
  1865    9.01742e+07
  1866    9.19523e+07
  1867    9.37663e+07
  1868    9.56169e+07
  1869    9.75050e+07
  1870    9.94312e+07
  1871    1.01397e+08
  1872    1.03402e+08
  1873    1.05447e+08
  1874    1.07535e+08
  1875    1.09664e+08
  1876    1.11837e+08
  1877    1.14054e+08
  1878    1.16315e+08
  1879    1.18623e+08
  1880    1.20978e+08
  1881    1.23381e+08
  1882    1.25832e+08
  1883    1.28334e+08
  1884    1.30886e+08
  1885    1.33490e+08
  1886    1.36148e+08
  1887    1.38859e+08
  1888    1.41626e+08
  1889    1.44450e+08
  1890    1.47331e+08
  1891    1.50271e+08
  1892    1.53271e+08
  1893    1.56332e+08
  1894    1.59456e+08
  1895    1.62644e+08
  1896    1.65898e+08
  1897    1.69218e+08
  1898    1.72606e+08
  1899    1.76063e+08
  1900    1.79591e+08
  1901    1.83192e+08
  1902    1.86867e+08
  1903    1.90617e+08
  1904    1.94444e+08
  1905    1.98350e+08
  1906    2.02337e+08
  1907    2.06405e+08
  1908    2.10557e+08
  1909    2.14795e+08
  1910    2.19120e+08
  1911    2.23534e+08
  1912    2.28039e+08
  1913    2.32637e+08
  1914    2.37330e+08
  1915    2.42120e+08
  1916    2.47009e+08
  1917    2.51999e+08
  1918    2.57093e+08
  1919    2.62291e+08
  1920    2.67598e+08
  1921    2.73014e+08
  1922    2.78542e+08
  1923    2.84185e+08
  1924    2.89945e+08
  1925    2.95825e+08
  1926    3.01827e+08
  1927    3.07953e+08
  1928    3.14206e+08
  1929    3.20590e+08
  1930    3.27106e+08
  1931    3.33758e+08
  1932    3.40548e+08
  1933    3.47480e+08
  1934    3.54556e+08
  1935    3.61779e+08
  1936    3.69153e+08
  1937    3.76681e+08
  1938    3.84366e+08
  1939    3.92212e+08
  1940    4.00221e+08
  1941    4.08398e+08
  1942    4.16746e+08
  1943    4.25268e+08
  1944    4.33969e+08
  1945    4.42852e+08
  1946    4.51920e+08
  1947    4.61179e+08
  1948    4.70632e+08
  1949    4.80283e+08
  1950    4.90137e+08
  1951    5.00198e+08
  1952    5.10470e+08
  1953    5.20957e+08
  1954    5.31665e+08
  1955    5.42598e+08
  1956    5.53762e+08
  1957    5.65160e+08
  1958    5.76798e+08
  1959    5.88682e+08
  1960    6.00815e+08
  1961    6.13205e+08
  1962    6.25856e+08
  1963    6.38774e+08
  1964    6.51965e+08
  1965    6.65434e+08
  1966    6.79188e+08
  1967    6.93233e+08
  1968    7.07575e+08
  1969    7.22220e+08
  1970    7.37175e+08
  1971    7.52447e+08
  1972    7.68043e+08
  1973    7.83969e+08
  1974    8.00233e+08
  1975    8.16842e+08
  1976    8.33804e+08
  1977    8.51125e+08
  1978    8.68815e+08
  1979    8.86881e+08
  1980    9.05331e+08
  1981    9.24173e+08
  1982    9.43416e+08
  1983    9.63069e+08
  1984    9.83141e+08
  1985    1.00364e+09
  1986    1.02458e+09
  1987    1.04596e+09
  1988    1.06780e+09
  1989    1.09010e+09
  1990    1.11289e+09
  1991    1.13615e+09
  1992    1.15992e+09
  1993    1.18419e+09
  1994    1.20899e+09
  1995    1.23431e+09
  1996    1.26018e+09
  1997    1.28660e+09
  1998    1.31358e+09
  1999    1.34115e+09
  2000    1.36931e+09
  2001    1.39807e+09
  2002    1.42745e+09
  2003    1.45746e+09
  2004    1.48811e+09
  2005    1.51942e+09
  2006    1.55141e+09
  2007    1.58408e+09
  2008    1.61746e+09
  2009    1.65156e+09
  2010    1.68639e+09
  2011    1.72197e+09
  2012    1.75832e+09
  2013    1.79546e+09
  2014    1.83339e+09
  2015    1.87215e+09
  2016    1.91174e+09
  2017    1.95219e+09
  2018    1.99351e+09
  2019    2.03572e+09
  2020    2.07885e+09
  2021    2.12292e+09
  2022    2.16793e+09
  2023    2.21392e+09
  2024    2.26091e+09
  2025    2.30892e+09
  2026    2.35797e+09
  2027    2.40809e+09
  2028    2.45929e+09
  2029    2.51160e+09
  2030    2.56506e+09
  2031    2.61967e+09
  2032    2.67547e+09
  2033    2.73249e+09
  2034    2.79075e+09
  2035    2.85027e+09
  2036    2.91110e+09
  2037    2.97325e+09
  2038    3.03675e+09
  2039    3.10164e+09
  2040    3.16795e+09
  2041    3.23570e+09
  2042    3.30494e+09
  2043    3.37569e+09
  2044    3.44798e+09
  2045    3.52186e+09
  2046    3.59735e+09
  2047    3.67450e+09
  2048    3.75333e+09
  2049    3.83390e+09
  2050    3.91623e+09
  2051    4.00036e+09
  2052    4.08634e+09
  2053    4.17421e+09
  2054    4.26401e+09
  2055    4.35578e+09
  2056    4.44956e+09
  2057    4.54541e+09
  2058    4.64337e+09
  2059    4.74349e+09
  2060    4.84580e+09
  2061    4.95037e+09
  2062    5.05725e+09
  2063    5.16648e+09
  2064    5.27812e+09
  2065    5.39223e+09
  2066    5.50885e+09
  2067    5.62805e+09
  2068    5.74988e+09
  2069    5.87440e+09
  2070    6.00168e+09
  2071    6.13177e+09
  2072    6.26474e+09
  2073    6.40066e+09
  2074    6.53958e+09
  2075    6.68158e+09
  2076    6.82674e+09
  2077    6.97511e+09
  2078    7.12677e+09
  2079    7.28180e+09
  2080    7.44027e+09
  2081    7.60226e+09
  2082    7.76785e+09
  2083    7.93712e+09
  2084    8.11016e+09
  2085    8.28705e+09
  2086    8.46787e+09
  2087    8.65273e+09
  2088    8.84170e+09
  2089    9.03489e+09
  2090    9.23238e+09
  2091    9.43428e+09
  2092    9.64068e+09
  2093    9.85169e+09
  2094    1.00674e+10
  2095    1.02880e+10
  2096    1.05134e+10
  2097    1.07440e+10
  2098    1.09796e+10
  2099    1.12206e+10
  2100    1.14670e+10
  2101    1.17188e+10
  2102    1.19763e+10
  2103    1.22396e+10
  2104    1.25088e+10
  2105    1.27841e+10
  2106    1.30655e+10
  2107    1.33532e+10
  2108    1.36474e+10
  2109    1.39482e+10
  2110    1.42558e+10
  2111    1.45703e+10
  2112    1.48919e+10
  2113    1.52207e+10
  2114    1.55569e+10
  2115    1.59008e+10
  2116    1.62523e+10
  2117    1.66118e+10
  2118    1.69794e+10
  2119    1.73553e+10
  2120    1.77397e+10
  2121    1.81328e+10
  2122    1.85347e+10
  2123    1.89458e+10
  2124    1.93661e+10
  2125    1.97960e+10
  2126    2.02355e+10
  2127    2.06851e+10
  2128    2.11448e+10
  2129    2.16150e+10
  2130    2.20958e+10
  2131    2.25875e+10
  2132    2.30904e+10
  2133    2.36047e+10
  2134    2.41307e+10
  2135    2.46687e+10
  2136    2.52188e+10
  2137    2.57815e+10
  2138    2.63570e+10
  2139    2.69456e+10
  2140    2.75476e+10
  2141    2.81633e+10
  2142    2.87931e+10
  2143    2.94372e+10
  2144    3.00960e+10
  2145    3.07698e+10
  2146    3.14590e+10
  2147    3.21640e+10
  2148    3.28850e+10
  2149    3.36226e+10
  2150    3.43770e+10
  2151    3.51487e+10
  2152    3.59380e+10
  2153    3.67454e+10
  2154    3.75714e+10
  2155    3.84162e+10
  2156    3.92804e+10
  2157    4.01644e+10
  2158    4.10687e+10
  2159    4.19938e+10
  2160    4.29401e+10
  2161    4.39082e+10
  2162    4.48984e+10
  2163    4.59115e+10
  2164    4.69479e+10
  2165    4.80081e+10
  2166    4.90927e+10
  2167    5.02023e+10
  2168    5.13375e+10
  2169    5.24988e+10
  2170    5.36870e+10
  2171    5.49025e+10
  2172    5.61460e+10
  2173    5.74183e+10
  2174    5.87200e+10
  2175    6.00518e+10
  2176    6.14143e+10
  2177    6.28083e+10
  2178    6.42346e+10
  2179    6.56939e+10
  2180    6.71870e+10
  2181    6.87147e+10
  2182    7.02778e+10
  2183    7.18771e+10
  2184    7.35135e+10
  2185    7.51879e+10
  2186    7.69011e+10
  2187    7.86541e+10
  2188    8.04479e+10
  2189    8.22833e+10
  2190    8.41614e+10
  2191    8.60832e+10
  2192    8.80497e+10
  2193    9.00620e+10
  2194    9.21211e+10
  2195    9.42283e+10
  2196    9.63845e+10
  2197    9.85910e+10
  2198    1.00849e+11
  2199    1.03160e+11
  2200    1.05524e+11
  2201    1.07944e+11
  2202    1.10420e+11
  2203    1.12955e+11
  2204    1.15548e+11
  2205    1.18202e+11
  2206    1.20919e+11
  2207    1.23698e+11
  2208    1.26543e+11
  2209    1.29455e+11
  2210    1.32435e+11
  2211    1.35485e+11
  2212    1.38606e+11
  2213    1.41801e+11
  2214    1.45070e+11
  2215    1.48416e+11
  2216    1.51841e+11
  2217    1.55347e+11
  2218    1.58935e+11
  2219    1.62607e+11
  2220    1.66366e+11
  2221    1.70213e+11
  2222    1.74151e+11
  2223    1.78182e+11
  2224    1.82308e+11
  2225    1.86531e+11
  2226    1.90853e+11
  2227    1.95278e+11
  2228    1.99807e+11
  2229    2.04443e+11
  2230    2.09189e+11
  2231    2.14047e+11
  2232    2.19019e+11
  2233    2.24110e+11
  2234    2.29321e+11
  2235    2.34655e+11
  2236    2.40116e+11
  2237    2.45706e+11
  2238    2.51428e+11
  2239    2.57286e+11
  2240    2.63284e+11
  2241    2.69423e+11
  2242    2.75709e+11
  2243    2.82144e+11
  2244    2.88731e+11
  2245    2.95475e+11
  2246    3.02380e+11
  2247    3.09449e+11
  2248    3.16686e+11
  2249    3.24096e+11
  2250    3.31682e+11
  2251    3.39449e+11
  2252    3.47401e+11
  2253    3.55543e+11
  2254    3.63878e+11
  2255    3.72413e+11
  2256    3.81152e+11
  2257    3.90100e+11
  2258    3.99261e+11
  2259    4.08641e+11
  2260    4.18246e+11
  2261    4.28081e+11
  2262    4.38151e+11
  2263    4.48462e+11
  2264    4.59020e+11
  2265    4.69831e+11
  2266    4.80901e+11
  2267    4.92237e+11
  2268    5.03845e+11
  2269    5.15731e+11
  2270    5.27903e+11
  2271    5.40368e+11
  2272    5.53131e+11
  2273    5.66202e+11
  2274    5.79587e+11
  2275    5.93294e+11
  2276    6.07332e+11
  2277    6.21707e+11
  2278    6.36428e+11
  2279    6.51504e+11
  2280    6.66944e+11
  2281    6.82756e+11
  2282    6.98950e+11
  2283    7.15534e+11
  2284    7.32519e+11
  2285    7.49914e+11
  2286    7.67730e+11
  2287    7.85976e+11
  2288    8.04664e+11
  2289    8.23804e+11
  2290    8.43407e+11
  2291    8.63485e+11
  2292    8.84049e+11
  2293    9.05111e+11
  2294    9.26684e+11
  2295    9.48781e+11
  2296    9.71413e+11
  2297    9.94595e+11
  2298    1.01834e+12
  2299    1.04266e+12
  2300    1.06757e+12
  2301    1.09309e+12
  2302    1.11923e+12
  2303    1.14600e+12
  2304    1.17343e+12
  2305    1.20153e+12
  2306    1.23030e+12
  2307    1.25978e+12
  2308    1.28998e+12
  2309    1.32092e+12
  2310    1.35261e+12
  2311    1.38507e+12
  2312    1.41832e+12
  2313    1.45239e+12
  2314    1.48729e+12
  2315    1.52305e+12
  2316    1.55967e+12
  2317    1.59720e+12
  2318    1.63564e+12
  2319    1.67502e+12
  2320    1.71537e+12
  2321    1.75671e+12
  2322    1.79906e+12
  2323    1.84245e+12
  2324    1.88690e+12
  2325    1.93244e+12
  2326    1.97910e+12
  2327    2.02691e+12
  2328    2.07589e+12
  2329    2.12608e+12
  2330    2.17750e+12
  2331    2.23018e+12
  2332    2.28417e+12
  2333    2.33948e+12
  2334    2.39615e+12
  2335    2.45422e+12
  2336    2.51372e+12
  2337    2.57468e+12
  2338    2.63716e+12
  2339    2.70117e+12
  2340    2.76676e+12
  2341    2.83397e+12
  2342    2.90284e+12
  2343    2.97342e+12
  2344    3.04574e+12
  2345    3.11985e+12
  2346    3.19579e+12
  2347    3.27361e+12
  2348    3.35336e+12
  2349    3.43508e+12
  2350    3.51883e+12
  2351    3.60466e+12
  2352    3.69261e+12
  2353    3.78275e+12
  2354    3.87512e+12
  2355    3.96979e+12
  2356    4.06680e+12
  2357    4.16623e+12
  2358    4.26813e+12
  2359    4.37257e+12
  2360    4.47960e+12
  2361    4.58930e+12
  2362    4.70172e+12
  2363    4.81695e+12
  2364    4.93505e+12
  2365    5.05609e+12
  2366    5.18015e+12
  2367    5.30730e+12
  2368    5.43763e+12
  2369    5.57121e+12
  2370    5.70813e+12
  2371    5.84847e+12
  2372    5.99231e+12
  2373    6.13975e+12
  2374    6.29088e+12
  2375    6.44579e+12
  2376    6.60458e+12
  2377    6.76734e+12
  2378    6.93419e+12
  2379    7.10521e+12
  2380    7.28052e+12
  2381    7.46022e+12
  2382    7.64444e+12
  2383    7.83328e+12
  2384    8.02686e+12
  2385    8.22530e+12
  2386    8.42873e+12
  2387    8.63727e+12
  2388    8.85106e+12
  2389    9.07022e+12
  2390    9.29490e+12
  2391    9.52524e+12
  2392    9.76138e+12
  2393    1.00035e+13
  2394    1.02517e+13
  2395    1.05061e+13
  2396    1.07670e+13
  2397    1.10344e+13
  2398    1.13086e+13
  2399    1.15897e+13
  2400    1.18780e+13
  2401    1.21735e+13
  2402    1.24764e+13
  2403    1.27871e+13
  2404    1.31056e+13
  2405    1.34321e+13
  2406    1.37670e+13
  2407    1.41103e+13
  2408    1.44623e+13
  2409    1.48232e+13
  2410    1.51933e+13
  2411    1.55728e+13
  2412    1.59619e+13
  2413    1.63609e+13
  2414    1.67700e+13
  2415    1.71895e+13
  2416    1.76197e+13
  2417    1.80608e+13
  2418    1.85131e+13
  2419    1.89770e+13
  2420    1.94526e+13
  2421    1.99404e+13
  2422    2.04406e+13
  2423    2.09535e+13
  2424    2.14795e+13
  2425    2.20190e+13
  2426    2.25722e+13
  2427    2.31395e+13
  2428    2.37213e+13
  2429    2.43179e+13
  2430    2.49298e+13
  2431    2.55573e+13
  2432    2.62009e+13
  2433    2.68610e+13
  2434    2.75379e+13
  2435    2.82322e+13
  2436    2.89442e+13
  2437    2.96745e+13
  2438    3.04235e+13
  2439    3.11917e+13
  2440    3.19797e+13
  2441    3.27878e+13
  2442    3.36167e+13
  2443    3.44668e+13
  2444    3.53388e+13
  2445    3.62332e+13
  2446    3.71506e+13
  2447    3.80916e+13
  2448    3.90568e+13
  2449    4.00468e+13
  2450    4.10623e+13
  2451    4.21040e+13
  2452    4.31725e+13
  2453    4.42686e+13
  2454    4.53929e+13
  2455    4.65462e+13
  2456    4.77293e+13
  2457    4.89429e+13
  2458    5.01878e+13
  2459    5.14649e+13
  2460    5.27750e+13
  2461    5.41190e+13
  2462    5.54977e+13
  2463    5.69121e+13
  2464    5.83631e+13
  2465    5.98517e+13
  2466    6.13788e+13
  2467    6.29455e+13
  2468    6.45528e+13
  2469    6.62018e+13
  2470    6.78935e+13
  2471    6.96292e+13
  2472    7.14098e+13
  2473    7.32368e+13
  2474    7.51112e+13
  2475    7.70343e+13
  2476    7.90074e+13
  2477    8.10318e+13
  2478    8.31088e+13
  2479    8.52400e+13
  2480    8.74266e+13
  2481    8.96701e+13
  2482    9.19721e+13
  2483    9.43341e+13
  2484    9.67577e+13
  2485    9.92445e+13
  2486    1.01796e+14
  2487    1.04415e+14
  2488    1.07101e+14
  2489    1.09858e+14
  2490    1.12687e+14
  2491    1.15590e+14
  2492    1.18569e+14
  2493    1.21625e+14
  2494    1.24762e+14
  2495    1.27981e+14
  2496    1.31284e+14
  2497    1.34674e+14
  2498    1.38152e+14
  2499    1.41722e+14
  2500    1.45385e+14
  2501    1.49144e+14
  2502    1.53003e+14
  2503    1.56962e+14
  2504    1.61025e+14
  2505    1.65196e+14
  2506    1.69475e+14
  2507    1.73868e+14
  2508    1.78376e+14
  2509    1.83002e+14
  2510    1.87750e+14
  2511    1.92624e+14
  2512    1.97626e+14
  2513    2.02759e+14
  2514    2.08028e+14
  2515    2.13436e+14
  2516    2.18986e+14
  2517    2.24684e+14
  2518    2.30531e+14
  2519    2.36533e+14
  2520    2.42693e+14
  2521    2.49017e+14
  2522    2.55507e+14
  2523    2.62169e+14
  2524    2.69008e+14
  2525    2.76028e+14
  2526    2.83233e+14
  2527    2.90629e+14
  2528    2.98221e+14
  2529    3.06015e+14
  2530    3.14015e+14
  2531    3.22228e+14
  2532    3.30658e+14
  2533    3.39312e+14
  2534    3.48196e+14
  2535    3.57317e+14
  2536    3.66679e+14
  2537    3.76290e+14
  2538    3.86157e+14
  2539    3.96287e+14
  2540    4.06686e+14
  2541    4.17362e+14
  2542    4.28323e+14
  2543    4.39575e+14
  2544    4.51128e+14
  2545    4.62988e+14
  2546    4.75165e+14
  2547    4.87667e+14
  2548    5.00502e+14
  2549    5.13680e+14
  2550    5.27210e+14
  2551    5.41102e+14
  2552    5.55365e+14
  2553    5.70010e+14
  2554    5.85046e+14
  2555    6.00485e+14
  2556    6.16337e+14
  2557    6.32614e+14
  2558    6.49327e+14
  2559    6.66487e+14
  2560    6.84108e+14
  2561    7.02201e+14
  2562    7.20780e+14
  2563    7.39857e+14
  2564    7.59447e+14
  2565    7.79563e+14
  2566    8.00219e+14
  2567    8.21430e+14
  2568    8.43212e+14
  2569    8.65580e+14
  2570    8.88549e+14
  2571    9.12137e+14
  2572    9.36360e+14
  2573    9.61235e+14
  2574    9.86781e+14
  2575    1.01302e+15
  2576    1.03996e+15
  2577    1.06763e+15
  2578    1.09604e+15
  2579    1.12522e+15
  2580    1.15519e+15
  2581    1.18597e+15
  2582    1.21759e+15
  2583    1.25005e+15
  2584    1.28340e+15
  2585    1.31764e+15
  2586    1.35282e+15
  2587    1.38894e+15
  2588    1.42604e+15
  2589    1.46415e+15
  2590    1.50330e+15
  2591    1.54350e+15
  2592    1.58479e+15
  2593    1.62721e+15
  2594    1.67077e+15
  2595    1.71552e+15
  2596    1.76148e+15
  2597    1.80869e+15
  2598    1.85719e+15
  2599    1.90700e+15
  2600    1.95817e+15
  2601    2.01073e+15
  2602    2.06472e+15
  2603    2.12018e+15
  2604    2.17716e+15
  2605    2.23568e+15
  2606    2.29580e+15
  2607    2.35756e+15
  2608    2.42100e+15
  2609    2.48618e+15
  2610    2.55313e+15
  2611    2.62191e+15
  2612    2.69257e+15
  2613    2.76516e+15
  2614    2.83974e+15
  2615    2.91636e+15
  2616    2.99507e+15
  2617    3.07593e+15
  2618    3.15901e+15
  2619    3.24436e+15
  2620    3.33206e+15
  2621    3.42215e+15
  2622    3.51472e+15
  2623    3.60982e+15
  2624    3.70753e+15
  2625    3.80792e+15
  2626    3.91107e+15
  2627    4.01705e+15
  2628    4.12595e+15
  2629    4.23783e+15
  2630    4.35280e+15
  2631    4.47092e+15
  2632    4.59229e+15
  2633    4.71701e+15
  2634    4.84515e+15
  2635    4.97683e+15
  2636    5.11213e+15
  2637    5.25117e+15
  2638    5.39403e+15
  2639    5.54084e+15
  2640    5.69169e+15
  2641    5.84671e+15
  2642    6.00601e+15
  2643    6.16971e+15
  2644    6.33793e+15
  2645    6.51080e+15
  2646    6.68845e+15
  2647    6.87101e+15
  2648    7.05862e+15
  2649    7.25143e+15
  2650    7.44957e+15
  2651    7.65320e+15
  2652    7.86248e+15
  2653    8.07755e+15
  2654    8.29859e+15
  2655    8.52575e+15
  2656    8.75922e+15
  2657    8.99917e+15
  2658    9.24578e+15
  2659    9.49924e+15
  2660    9.75974e+15
  2661    1.00275e+16
  2662    1.03027e+16
  2663    1.05855e+16
  2664    1.08762e+16
  2665    1.11750e+16
  2666    1.14821e+16
  2667    1.17978e+16
  2668    1.21223e+16
  2669    1.24558e+16
  2670    1.27986e+16
  2671    1.31510e+16
  2672    1.35132e+16
  2673    1.38855e+16
  2674    1.42682e+16
  2675    1.46616e+16
  2676    1.50660e+16
  2677    1.54817e+16
  2678    1.59090e+16
  2679    1.63482e+16
  2680    1.67998e+16
  2681    1.72640e+16
  2682    1.77412e+16
  2683    1.82317e+16
  2684    1.87360e+16
  2685    1.92545e+16
  2686    1.97874e+16
  2687    2.03353e+16
  2688    2.08986e+16
  2689    2.14777e+16
  2690    2.20731e+16
  2691    2.26851e+16
  2692    2.33144e+16
  2693    2.39614e+16
  2694    2.46265e+16
  2695    2.53104e+16
  2696    2.60135e+16
  2697    2.67364e+16
  2698    2.74796e+16
  2699    2.82438e+16
  2700    2.90295e+16
  2701    2.98373e+16
  2702    3.06679e+16
  2703    3.15220e+16
  2704    3.24001e+16
  2705    3.33030e+16
  2706    3.42314e+16
  2707    3.51861e+16
  2708    3.61677e+16
  2709    3.71770e+16
  2710    3.82149e+16
  2711    3.92821e+16
  2712    4.03796e+16
  2713    4.15080e+16
  2714    4.26685e+16
  2715    4.38618e+16
  2716    4.50889e+16
  2717    4.63508e+16
  2718    4.76484e+16
  2719    4.89829e+16
  2720    5.03552e+16
  2721    5.17664e+16
  2722    5.32177e+16
  2723    5.47103e+16
  2724    5.62452e+16
  2725    5.78238e+16
  2726    5.94472e+16
  2727    6.11168e+16
  2728    6.28339e+16
  2729    6.45998e+16
  2730    6.64161e+16
  2731    6.82840e+16
  2732    7.02052e+16
  2733    7.21811e+16
  2734    7.42133e+16
  2735    7.63035e+16
  2736    7.84533e+16
  2737    8.06644e+16
  2738    8.29387e+16
  2739    8.52779e+16
  2740    8.76839e+16
  2741    9.01587e+16
  2742    9.27042e+16
  2743    9.53225e+16
  2744    9.80157e+16
  2745    1.00786e+17
  2746    1.03636e+17
  2747    1.06567e+17
  2748    1.09582e+17
  2749    1.12683e+17
  2750    1.15874e+17
  2751    1.19156e+17
  2752    1.22532e+17
  2753    1.26004e+17
  2754    1.29577e+17
  2755    1.33252e+17
  2756    1.37033e+17
  2757    1.40922e+17
  2758    1.44923e+17
  2759    1.49039e+17
  2760    1.53274e+17
  2761    1.57630e+17
  2762    1.62112e+17
  2763    1.66722e+17
  2764    1.71466e+17
  2765    1.76346e+17
  2766    1.81367e+17
  2767    1.86532e+17
  2768    1.91847e+17
  2769    1.97315e+17
  2770    2.02940e+17
  2771    2.08728e+17
  2772    2.14683e+17
  2773    2.20811e+17
  2774    2.27115e+17
  2775    2.33601e+17
  2776    2.40275e+17
  2777    2.47142e+17
  2778    2.54208e+17
  2779    2.61479e+17
  2780    2.68959e+17
  2781    2.76657e+17
  2782    2.84578e+17
  2783    2.92728e+17
  2784    3.01114e+17
  2785    3.09744e+17
  2786    3.18624e+17
  2787    3.27762e+17
  2788    3.37165e+17
  2789    3.46842e+17
  2790    3.56799e+17
  2791    3.67046e+17
  2792    3.77591e+17
  2793    3.88442e+17
  2794    3.99609e+17
  2795    4.11102e+17
  2796    4.22928e+17
  2797    4.35100e+17
  2798    4.47625e+17
  2799    4.60516e+17
  2800    4.73783e+17
  2801    4.87436e+17
  2802    5.01488e+17
  2803    5.15950e+17
  2804    5.30834e+17
  2805    5.46152e+17
  2806    5.61918e+17
  2807    5.78145e+17
  2808    5.94846e+17
  2809    6.12035e+17
  2810    6.29728e+17
  2811    6.47938e+17
  2812    6.66680e+17
  2813    6.85972e+17
  2814    7.05829e+17
  2815    7.26267e+17
  2816    7.47305e+17
  2817    7.68959e+17
  2818    7.91249e+17
  2819    8.14192e+17
  2820    8.37809e+17
  2821    8.62119e+17
  2822    8.87143e+17
  2823    9.12902e+17
  2824    9.39418e+17
  2825    9.66714e+17
  2826    9.94812e+17
  2827    1.02374e+18
  2828    1.05351e+18
  2829    1.08417e+18
  2830    1.11572e+18
  2831    1.14821e+18
  2832    1.18165e+18
  2833    1.21607e+18
  2834    1.25152e+18
  2835    1.28801e+18
  2836    1.32557e+18
  2837    1.36424e+18
  2838    1.40406e+18
  2839    1.44505e+18
  2840    1.48725e+18
  2841    1.53070e+18
  2842    1.57544e+18
  2843    1.62149e+18
  2844    1.66891e+18
  2845    1.71774e+18
  2846    1.76800e+18
  2847    1.81976e+18
  2848    1.87305e+18
  2849    1.92792e+18
  2850    1.98441e+18
  2851    2.04259e+18
  2852    2.10248e+18
  2853    2.16416e+18
  2854    2.22766e+18
  2855    2.29305e+18
  2856    2.36038e+18
  2857    2.42971e+18
  2858    2.50111e+18
  2859    2.57462e+18
  2860    2.65032e+18
  2861    2.72828e+18
  2862    2.80855e+18
  2863    2.89122e+18
  2864    2.97634e+18
  2865    3.06400e+18
  2866    3.15428e+18
  2867    3.24724e+18
  2868    3.34298e+18
  2869    3.44157e+18
  2870    3.54311e+18
  2871    3.64767e+18
  2872    3.75536e+18
  2873    3.86627e+18
  2874    3.98048e+18
  2875    4.09812e+18
  2876    4.21927e+18
  2877    4.34404e+18
  2878    4.47254e+18
  2879    4.60489e+18
  2880    4.74121e+18
  2881    4.88160e+18
  2882    5.02620e+18
  2883    5.17514e+18
  2884    5.32854e+18
  2885    5.48653e+18
  2886    5.64927e+18
  2887    5.81689e+18
  2888    5.98955e+18
  2889    6.16738e+18
  2890    6.35056e+18
  2891    6.53924e+18
  2892    6.73360e+18
  2893    6.93379e+18
  2894    7.14001e+18
  2895    7.35243e+18
  2896    7.57124e+18
  2897    7.79664e+18
  2898    8.02883e+18
  2899    8.26802e+18
  2900    8.51441e+18
  2901    8.76823e+18
  2902    9.02970e+18
  2903    9.29906e+18
  2904    9.57654e+18
  2905    9.86240e+18
  2906    1.01569e+19
  2907    1.04603e+19
  2908    1.07728e+19
  2909    1.10948e+19
  2910    1.14266e+19
  2911    1.17683e+19
  2912    1.21204e+19
  2913    1.24832e+19
  2914    1.28569e+19
  2915    1.32420e+19
  2916    1.36387e+19
  2917    1.40475e+19
  2918    1.44686e+19
  2919    1.49025e+19
  2920    1.53496e+19
  2921    1.58102e+19
  2922    1.62848e+19
  2923    1.67738e+19
  2924    1.72777e+19
  2925    1.77969e+19
  2926    1.83318e+19
  2927    1.88831e+19
  2928    1.94510e+19
  2929    2.00363e+19
  2930    2.06394e+19
  2931    2.12608e+19
  2932    2.19011e+19
  2933    2.25610e+19
  2934    2.32409e+19
  2935    2.39416e+19
  2936    2.46637e+19
  2937    2.54077e+19
  2938    2.61745e+19
  2939    2.69646e+19
  2940    2.77789e+19
  2941    2.86181e+19
  2942    2.94829e+19
  2943    3.03741e+19
  2944    3.12925e+19
  2945    3.22391e+19
  2946    3.32145e+19
  2947    3.42199e+19
  2948    3.52560e+19
  2949    3.63238e+19
  2950    3.74243e+19
  2951    3.85586e+19
  2952    3.97276e+19
  2953    4.09324e+19
  2954    4.21742e+19
  2955    4.34541e+19
  2956    4.47732e+19
  2957    4.61329e+19
  2958    4.75343e+19
  2959    4.89787e+19
  2960    5.04675e+19
  2961    5.20021e+19
  2962    5.35839e+19
  2963    5.52143e+19
  2964    5.68948e+19
  2965    5.86271e+19
  2966    6.04127e+19
  2967    6.22533e+19
  2968    6.41506e+19
  2969    6.61063e+19
  2970    6.81223e+19
  2971    7.02005e+19
  2972    7.23428e+19
  2973    7.45512e+19
  2974    7.68277e+19
  2975    7.91746e+19
  2976    8.15939e+19
  2977    8.40879e+19
  2978    8.66590e+19
  2979    8.93096e+19
  2980    9.20421e+19
  2981    9.48592e+19
  2982    9.77634e+19
  2983    1.00758e+20
  2984    1.03844e+20
  2985    1.07027e+20
  2986    1.10308e+20
  2987    1.13691e+20
  2988    1.17178e+20
  2989    1.20774e+20
  2990    1.24481e+20
  2991    1.28303e+20
  2992    1.32244e+20
  2993    1.36308e+20
  2994    1.40497e+20
  2995    1.44817e+20
  2996    1.49271e+20
  2997    1.53863e+20
  2998    1.58599e+20
  2999    1.63481e+20
  3000    1.68516e+20
