   2  3.731852196663e-09
   3  2.354853831658e-09
   4  1.689661182801e-09
   5  1.303661738145e-09
   6  1.052676488738e-09
   7  8.780861026579e-10
   8  7.501364978718e-10
   9  6.531166119025e-10
  10  5.764322260281e-10
  11  5.150170864081e-10
  12  4.646433267405e-10
  13  4.219161146221e-10
  14  3.862883158719e-10
  15  3.558462028169e-10
  16  3.289587114604e-10
  17  3.055876375870e-10
  18  2.850645586998e-10
  19  2.668792722539e-10
  20  2.505040649702e-10
  21  2.358446702962e-10
  22  2.224692497166e-10
  23  2.105163549712e-10
  24  1.995065669971e-10
  25  1.894683115482e-10
  26  1.802610590568e-10
  27  1.718950687083e-10
  28  1.639734771216e-10
  29  1.567368629673e-10
  30  1.500073779988e-10
  31  1.438351575916e-10
  32  1.379162180685e-10
  33  1.324438478621e-10
  34  1.273201762486e-10
  35  1.225096336120e-10
  36  1.179713598914e-10
  37  1.137555175937e-10
  38  1.097180380827e-10
  39  1.059463982821e-10
  40  1.023051186438e-10
  41  9.896142403546e-11
  42  9.572227758706e-11
  43  9.264261086518e-11
  44  8.969779561540e-11
  45  8.697461690107e-11
  46  8.432516814589e-11
  47  8.175228945889e-11
  48  7.935949269972e-11
  49  7.706140389728e-11
  50  7.485317889068e-11
  51  7.272682912879e-11
  52  7.071976283358e-11
  53  6.877249121710e-11
  54  6.692587278910e-11
  55  6.514579544414e-11
  56  6.342334615431e-11
  57  6.178633078781e-11
  58  6.019919771804e-11
  59  5.865891235037e-11
  60  5.721413358804e-11
  61  5.576557456735e-11
  62  5.440040124659e-11
  63  5.309668493956e-11
  64  5.181014335616e-11
  65  5.059068675281e-11
  66  4.937996826854e-11
  67  4.823930545292e-11
  68  4.712436019321e-11
  69  4.605073961012e-11
  70  4.499502345939e-11
  71  4.399161192810e-11
  72  4.300701600054e-11
  73  4.205495937229e-11
  74  4.113264755580e-11
  75  4.024033679016e-11
  76  3.937271170370e-11
  77  3.852790411107e-11
  78  3.771039255367e-11
  79  3.691489214062e-11
  80  3.613949048471e-11
  81  3.539739480415e-11
  82  3.466191019663e-11
  83  3.395408152229e-11
  84  3.326647616690e-11
  85  3.258149483522e-11
  86  3.193567644540e-11
  87  3.129333702451e-11
  88  3.066220418066e-11
  89  3.005904584992e-11
  90  2.946722256482e-11
  91  2.889821685356e-11
  92  2.832799729683e-11
  93  2.777957507959e-11
  94  2.725319149481e-11
  95  2.672469596550e-11
  96  2.621467175976e-11
  97  2.572363251184e-11
  98  2.523242531491e-11
  99  2.475675586667e-11
 100  2.430057058364e-11
 101  2.384131557453e-11
 102  2.339854240466e-11
 103  2.297133724952e-11
 104  2.254763236959e-11
 105  2.213261642838e-11
 106  2.172945221345e-11
 107  2.133575170727e-11
 108  2.094764207396e-11
 109  2.057147884805e-11
 110  2.020021210250e-11
 111  1.983843945983e-11
 112  1.948349293889e-11
 113  1.913771993190e-11
 114  1.879740047951e-11
 115  1.846488188894e-11
 116  1.814012051709e-11
 117  1.782084818186e-11
 118  1.750873978226e-11
 119  1.720269037903e-11
 120  1.690365500078e-11
 121  1.661013671761e-11
 122  1.632209909047e-11
 123  1.604092384520e-11
 124  1.576442869212e-11
 125  1.549347741969e-11
 126  1.522805335734e-11
 127  1.496813484715e-11
 128  1.471281102898e-11
 129  1.446279301014e-11
 130  1.421807367246e-11
 131  1.397783761163e-11
 132  1.374204997123e-11
 133  1.351156551695e-11
 134  1.328431298039e-11
 135  1.306194209190e-11
 136  1.284442291528e-11
 137  1.263083952752e-11
 138  1.242067897508e-11
 139  1.221510764871e-11
 140  1.201308207466e-11
 141  1.181479734155e-11
 142  1.162054127529e-11
 143  1.142967456739e-11
 144  1.124300773106e-11
 145  1.105880291656e-11
 146  1.087896955406e-11
 147  1.070156591667e-11
 148  1.052838208302e-11
 149  1.035756463907e-11
 150  1.019009503691e-11
 151  1.002657995502e-11
 152  9.865062625228e-12
 153  9.707270142105e-12
 154  9.551388768944e-12
 155  9.399212238430e-12
 156  9.249768055718e-12
 157  9.102792642000e-12
 158  8.958479335438e-12
 159  8.817015937887e-12
 160  8.677643051181e-12
 161  8.541201210183e-12
 162  8.407078045084e-12
 163  8.275200909550e-12
 164  8.146288238163e-12
 165  8.019272885188e-12
 166  7.894462916373e-12
 167  7.772458931551e-12
 168  7.652213420491e-12
 169  7.534044302856e-12
 170  7.418020549852e-12
 171  7.304313328020e-12
 172  7.192385655105e-12
 173  7.082580516450e-12
 174  6.974794539337e-12
 175  6.868987023427e-12
 176  6.764766032323e-12
 177  6.662500392486e-12
 178  6.562342103644e-12
 179  6.463905378909e-12
 180  6.367063424619e-12
 181  6.272249428165e-12
 182  6.179099350860e-12
 183  6.087350312718e-12
 184  5.997203402320e-12
 185  5.908839040316e-12
 186  5.821969138952e-12
 187  5.736513660601e-12
 188  5.652872198006e-12
 189  5.570370907610e-12
 190  5.489776667911e-12
 191  5.410354280422e-12
 192  5.332248830523e-12
 193  5.255705148306e-12
 194  5.180641570470e-12
 195  5.106809235347e-12
 196  5.034140296095e-12
 197  4.962912753051e-12
 198  4.892763669271e-12
 199  4.824061461681e-12
 200  4.756365932555e-12
 201  4.690106096764e-12
 202  4.624833482495e-12
 203  4.560564943491e-12
 204  4.497806345304e-12
 205  4.436046322766e-12
 206  4.375192540253e-12
 207  4.315837892183e-12
 208  4.257053886576e-12
 209  4.199776984854e-12
 210  4.143293789208e-12
 211  4.087664815387e-12
 212  4.033084386659e-12
 213  3.979353439581e-12
 214  3.926672152565e-12
 215  3.874666930165e-12
 216  3.823743146118e-12
 217  3.773835393241e-12
 218  3.724692583234e-12
 219  3.676114609316e-12
 220  3.628817319021e-12
 221  3.582145826735e-12
 222  3.536091648818e-12
 223  3.490948704921e-12
 224  3.446473130331e-12
 225  3.403095720960e-12
 226  3.360062112362e-12
 227  3.318122990155e-12
 228  3.276761259841e-12
 229  3.235681995626e-12
 230  3.195684567871e-12
 231  3.156173458273e-12
 232  3.117725904173e-12
 233  3.079561810664e-12
 234  3.042103746038e-12
 235  3.005352618194e-12
 236  2.969085690955e-12
 237  2.933307259642e-12
 238  2.898435778433e-12
 239  2.864016791235e-12
 240  2.830137570209e-12
 241  2.797056839714e-12
 242  2.764200786401e-12
 243  2.732154217569e-12
 244  2.700395467746e-12
 245  2.669212116214e-12
 246  2.638554413183e-12
 247  2.608596731716e-12
 248  2.578807578989e-12
 249  2.549772955248e-12
 250  2.521096461433e-12
 251  2.492985871737e-12
 252  2.465447379143e-12
 253  2.438277324442e-12
 254  2.411195782386e-12
 255  2.385071853749e-12
 256  2.359058343663e-12
 257  2.333738083271e-12
 258  2.308552856367e-12
 259  2.283862356045e-12
 260  2.259671083166e-12
 261  2.235682915053e-12
 262  2.212194642471e-12
 263  2.189104634055e-12
 264  2.166326738246e-12
 265  2.143934585169e-12
 266  2.121735654981e-12
 267  2.100194181973e-12
 268  2.078880360944e-12
 269  2.057806196013e-12
 270  2.037015508007e-12
 271  2.016642750274e-12
 272  1.996590787135e-12
 273  1.976861677923e-12
 274  1.957326367029e-12
 275  1.938151533154e-12
 276  1.919388046083e-12
 277  1.900858694899e-12
 278  1.882471494822e-12
 279  1.864327161119e-12
 280  1.846572401144e-12
 281  1.828994306576e-12
 282  1.811781083026e-12
 283  1.794762253653e-12
 284  1.778022280589e-12
 285  1.761335060330e-12
 286  1.745188803726e-12
 287  1.729059309152e-12
 288  1.713246751104e-12
 289  1.697573914165e-12
 290  1.682250109361e-12
 291  1.667071380807e-12
 292  1.652036429903e-12
 293  1.637325523485e-12
 294  1.622763541414e-12
 295  1.608393472616e-12
 296  1.594289677640e-12
 297  1.580370781979e-12
 298  1.566550671430e-12
 299  1.552887134771e-12
 300  1.539490160832e-12
 301  1.526265257116e-12
 302  1.513173349007e-12
 303  1.500313672161e-12
 304  1.487631011862e-12
 305  1.475033260962e-12
 306  1.462747604775e-12
 307  1.450422881685e-12
 308  1.438316737234e-12
 309  1.426376564816e-12
 310  1.414715936162e-12
 311  1.403004151970e-12
 312  1.391537720093e-12
 313  1.380190538754e-12
 314  1.368942247266e-12
 315  1.357949180238e-12
 316  1.346913071461e-12
 317  1.336227166662e-12
 318  1.325434325317e-12
 319  1.314984912370e-12
 320  1.304624262729e-12
 321  1.294210467183e-12
 322  1.283938502981e-12
 323  1.274004338862e-12
 324  1.264015308307e-12
 325  1.254111098860e-12
 326  1.244433703160e-12
 327  1.234737807693e-12
 328  1.225237559131e-12
 329  1.215866012528e-12
 330  1.206507990582e-12
 331  1.197403054172e-12
 332  1.188261807393e-12
 333  1.179197207600e-12
 334  1.170315427376e-12
 335  1.161491725859e-12
 336  1.152795369163e-12
 337  1.144037916165e-12
 338  1.135581256971e-12
 339  1.127096339508e-12
 340  1.118544234664e-12
 341  1.110344991227e-12
 342  1.102025758042e-12
 343  1.093826909213e-12
 344  1.085818836486e-12
 345  1.077836625461e-12
 346  1.069969921052e-12
 347  1.062029839158e-12
 348  1.054149105615e-12
 349  1.046597267086e-12
 350  1.038841310397e-12
 351  1.031272961584e-12
 352  1.023863633827e-12
 353  1.016334074360e-12
 354  1.009048503744e-12
 355  1.001717134218e-12
 356  9.943237430656e-13
 357  9.872456383675e-13
 358  9.799939217792e-13
 359  9.728936744109e-13
 360  9.659730442794e-13
 361  9.589843614732e-13
 362  9.520545434446e-13
 363  9.452009776965e-13
 364  9.384603795379e-13
 365  9.316782979444e-13
 366  9.249895582848e-13
 367  9.184406352652e-13
 368  9.119282526604e-13
 369  9.053517712350e-13
 370  8.988543734633e-13
 371  8.925041159696e-13
 372  8.861031985871e-13
 373  8.797156558406e-13
 374  8.734846449317e-13
 375  8.672374816591e-13
 376  8.610992660534e-13
 377  8.549451149614e-13
 378  8.487869722952e-13
 379  8.427962283897e-13
 380  8.368779207084e-13
 381  8.309703746234e-13
 382  8.249832704413e-13
 383  8.190849774738e-13
 384  8.133320831843e-13
 385  8.074833489531e-13
 386  8.018116523895e-13
 387  7.960454049303e-13
 388  7.903827086850e-13
 389  7.848096667831e-13
 390  7.792645499940e-13
 391  7.737226761052e-13
 392  7.682560477395e-13
 393  7.627605723585e-13
 394  7.572938706474e-13
 395  7.519447413434e-13
 396  7.466391893400e-13
 397  7.412896192788e-13
 398  7.360110223939e-13
 399  7.307290159977e-13
 400  7.255649555533e-13
 401  7.204382833679e-13
 402  7.152698301800e-13
 403  7.101702972445e-13
 404  7.050675824491e-13
 405  7.000695886953e-13
 406  6.950501209221e-13
 407  6.900536839309e-13
 408  6.851898281120e-13
 409  6.801618079792e-13
 410  6.753305750583e-13
 411  6.705000695673e-13
 412  6.656667856751e-13
 413  6.608733477249e-13
 414  6.562030431224e-13
 415  6.514669184597e-13
 416  6.467656973700e-13
 417  6.420871786397e-13
 418  6.374432385763e-13
 419  6.328375660626e-13
 420  6.283542797953e-13
 421  6.238287427698e-13
 422  6.192727732853e-13
 423  6.148764912155e-13
 424  6.104150402680e-13
 425  6.060144637653e-13
 426  6.016042069561e-13
 427  5.972266044026e-13
 428  5.929691341889e-13
 429  5.886865216259e-13
 430  5.844538695451e-13
 431  5.802203980820e-13
 432  5.759779313584e-13
 433  5.718648341231e-13
 434  5.676139859078e-13
 435  5.635488099548e-13
 436  5.594404607041e-13
 437  5.553994386231e-13
 438  5.513548519300e-13
 439  5.474217962816e-13
 440  5.434532650596e-13
 441  5.394850813998e-13
 442  5.355280000256e-13
 443  5.317294615226e-13
 444  5.278333285995e-13
 445  5.240446349779e-13
 446  5.201659406423e-13
 447  5.163937184920e-13
 448  5.126523767291e-13
 449  5.089601894339e-13
 450  5.052948991516e-13
 451  5.016213517824e-13
 452  4.979715684531e-13
 453  4.943730805406e-13
 454  4.907108200337e-13
 455  4.872176049607e-13
 456  4.836818642497e-13
 457  4.801355665914e-13
 458  4.766546262732e-13
 459  4.731601504818e-13
 460  4.697121976963e-13
 461  4.663426028500e-13
 462  4.630179415999e-13
 463  4.596094242496e-13
 464  4.563330410985e-13
 465  4.530457441844e-13
 466  4.497143485606e-13
 467  4.464950877629e-13
 468  4.432149003092e-13
 469  4.400061554186e-13
 470  4.368406128973e-13
 471  4.336979385513e-13
 472  4.306296517172e-13
 473  4.274479455590e-13
 474  4.243576267865e-13
 475  4.213403165292e-13
 476  4.182942239919e-13
 477  4.152553659900e-13
 478  4.123220605629e-13
 479  4.093266629370e-13
 480  4.063992629042e-13
 481  4.035143427502e-13
 482  4.006473939212e-13
 483  3.977228248399e-13
 484  3.948645041847e-13
 485  3.921247228759e-13
 486  3.893226858387e-13
 487  3.865430812104e-13
 488  3.837492685554e-13
 489  3.810276961605e-13
 490  3.783373690601e-13
 491  3.756184525088e-13
 492  3.729213450215e-13
 493  3.703037563020e-13
 494  3.677068279618e-13
 495  3.651719456276e-13
 496  3.625507029724e-13
 497  3.600489184160e-13
 498  3.575095641512e-13
 499  3.549857884846e-13
 500  3.524972961267e-13
 501  3.500530199652e-13
 502  3.476407676781e-13
 503  3.451729305915e-13
 504  3.428548061452e-13
 505  3.404185765650e-13
 506  3.380594410969e-13
 507  3.357165586799e-13
 508  3.333897924196e-13
 509  3.311378875526e-13
 510  3.289011224217e-13
 511  3.265655944906e-13
 512  3.244005913914e-13
 513  3.221375571713e-13
 514  3.200182131153e-13
 515  3.177999655759e-13
 516  3.156389585124e-13
 517  3.135342145889e-13
 518  3.113472335215e-13
 519  3.092870867784e-13
 520  3.072385117915e-13
 521  3.051356936910e-13
 522  3.030471062820e-13
 523  3.010554195243e-13
 524  2.990482863745e-13
 525  2.970562883764e-13
 526  2.950755403582e-13
 527  2.930799657797e-13
 528  2.911410848763e-13
 529  2.892552439685e-13
 530  2.873140879452e-13
 531  2.853839881325e-13
 532  2.835504411223e-13
 533  2.816999905230e-13
 534  2.798224567866e-13
 535  2.779960612692e-13
 536  2.761814231220e-13
 537  2.743675298302e-13
 538  2.725762401972e-13
 539  2.708475542340e-13
 540  2.690682551230e-13
 541  2.673137284051e-13
 542  2.656196496908e-13
 543  2.639241684264e-13
 544  2.622027916967e-13
 545  2.605288367308e-13
 546  2.588654027370e-13
 547  2.571650411878e-13
 548  2.555600235870e-13
 549  2.539245614177e-13
 550  2.523218202140e-13
 551  2.507242612463e-13
 552  2.491430889581e-13
 553  2.475527631770e-13
 554  2.460225151960e-13
 555  2.444535108886e-13
 556  2.429297916491e-13
 557  2.414172399098e-13
 558  2.398999524828e-13
 559  2.383999433971e-13
 560  2.369377287521e-13
 561  2.354798493576e-13
 562  2.339951506378e-13
 563  2.325417595064e-13
 564  2.311461342639e-13
 565  2.297194082444e-13
 566  2.282941044324e-13
 567  2.269120292048e-13
 568  2.255267082052e-13
 569  2.241645925213e-13
 570  2.227900566760e-13
 571  2.214652488567e-13
 572  2.201090809294e-13
 573  2.187943624107e-13
 574  2.174818102903e-13
 575  2.161846994089e-13
 576  2.148897510533e-13
 577  2.135838673370e-13
 578  2.123324617736e-13
 579  2.110624688583e-13
 580  2.098188953770e-13
 581  2.085718908351e-13
 582  2.073450318946e-13
 583  2.061592392998e-13
 584  2.049359043623e-13
 585  2.037506754888e-13
 586  2.025682850075e-13
 587  2.014001895815e-13
 588  2.002260402294e-13
 589  1.990661276561e-13
 590  1.979127976538e-13
 591  1.967909439124e-13
 592  1.956840805834e-13
 593  1.945659359192e-13
 594  1.934664353547e-13
 595  1.923669322578e-13
 596  1.912624066430e-13
 597  1.902016317654e-13
 598  1.891241249282e-13
 599  1.880701656744e-13
 600  1.870293736536e-13
 601  1.859820625528e-13
 602  1.849490434408e-13
 603  1.839449170956e-13
 604  1.829183075555e-13
 605  1.819334737440e-13
 606  1.809361340426e-13
 607  1.799571778030e-13
 608  1.789669623955e-13
 609  1.779938870365e-13
 610  1.770214921901e-13
 611  1.760905733765e-13
 612  1.751526844487e-13
 613  1.741865894970e-13
 614  1.732614599810e-13
 615  1.723411295067e-13
 616  1.714494022779e-13
 617  1.705298230039e-13
 618  1.696439787059e-13
 619  1.687284757331e-13
 620  1.678536512282e-13
 621  1.669728413407e-13
 622  1.661026809930e-13
 623  1.652327656480e-13
 624  1.643672836776e-13
 625  1.635258140198e-13
 626  1.626710782355e-13
 627  1.618380346533e-13
 628  1.610112104143e-13
 629  1.601782978443e-13
 630  1.593556921086e-13
 631  1.585371951642e-13
 632  1.577148258019e-13
 633  1.569233009240e-13
 634  1.561427387038e-13
 635  1.553275221864e-13
 636  1.545468961905e-13
 637  1.537691226833e-13
 638  1.529803549053e-13
 639  1.522025520888e-13
 640  1.514661731053e-13
 641  1.506911089901e-13
 642  1.499378131196e-13
 643  1.491726608936e-13
 644  1.484276390215e-13
 645  1.476885707937e-13
 646  1.469530813062e-13
 647  1.462165502138e-13
 648  1.454790262355e-13
 649  1.447678594297e-13
 650  1.440301628584e-13
 651  1.433273908858e-13
 652  1.426183132538e-13
 653  1.418928082639e-13
 654  1.411930801089e-13
 655  1.404922921126e-13
 656  1.398159525847e-13
 657  1.391130534856e-13
 658  1.384144479223e-13
 659  1.377399867780e-13
 660  1.370497619474e-13
 661  1.363740224829e-13
 662  1.357074938541e-13
 663  1.350441347660e-13
 664  1.343805536681e-13
 665  1.337151047633e-13
 666  1.330495139273e-13
 667  1.323821519939e-13
 668  1.317436359351e-13
 669  1.310893958697e-13
 670  1.304487265426e-13
 671  1.298178362935e-13
 672  1.291599628498e-13
 673  1.285311153432e-13
 674  1.279004322326e-13
 675  1.272934845285e-13
 676  1.266655107371e-13
 677  1.260318518587e-13
 678  1.254354509060e-13
 679  1.248046324222e-13
 680  1.242099940776e-13
 681  1.236006126326e-13
 682  1.229799700417e-13
 683  1.223822844931e-13
 684  1.217874206252e-13
 685  1.212112903409e-13
 686  1.206143918932e-13
 687  1.200299476449e-13
 688  1.194536452202e-13
 689  1.188672547564e-13
 690  1.182933894470e-13
 691  1.177037128850e-13
 692  1.171410845688e-13
 693  1.165766973551e-13
 694  1.160113255043e-13
 695  1.154486162501e-13
 696  1.148813704840e-13
 697  1.143432736662e-13
 698  1.137763051627e-13
 699  1.132220691328e-13
 700  1.126802144701e-13
 701  1.121234762267e-13
 702  1.115924420966e-13
 703  1.110504858367e-13
 704  1.105167820249e-13
 705  1.099855718030e-13
 706  1.094527370810e-13
 707  1.089274319068e-13
 708  1.083962003638e-13
 709  1.078634334824e-13
 710  1.073650356118e-13
 711  1.068291739289e-13
 712  1.063314456467e-13
 713  1.058197432599e-13
 714  1.052969830029e-13
 715  1.047950689405e-13
 716  1.042954822482e-13
 717  1.037943200935e-13
 718  1.032922705366e-13
 719  1.027919345634e-13
 720  1.022995480956e-13
 721  1.018185079798e-13
 722  1.013268847137e-13
 723  1.008257161888e-13
 724  1.003563166900e-13
 725  9.987662870429e-14
 726  9.938359546011e-14
 727  9.891331667719e-14
 728  9.844581773694e-14
 729  9.797312555144e-14
 730  9.750263818209e-14
 731  9.703434285655e-14
 732  9.657312511533e-14
 733  9.610197051070e-14
 734  9.565393837564e-14
 735  9.519199826893e-14
 736  9.474452094728e-14
 737  9.428333325314e-14
 738  9.384074309028e-14
 739  9.338035634023e-14
 740  9.294248063669e-14
 741  9.249967228720e-14
 742  9.206236381906e-14
 743  9.161962633672e-14
 744  9.118294005227e-14
 745  9.074090529421e-14
 746  9.030150988304e-14
 747  8.987178622734e-14
 748  8.945267113538e-14
 749  8.902355753518e-14
 750  8.861305675549e-14
 751  8.817263970123e-14
 752  8.776212007721e-14
 753  8.733437404276e-14
 754  8.692440163608e-14
 755  8.651305962067e-14
 756  8.610307178703e-14
 757  8.569550541621e-14
 758  8.528661374824e-14
 759  8.487908222686e-14
 760  8.447815972221e-14
 761  8.406755361752e-14
 762  8.365939865990e-14
 763  8.327970672480e-14
 764  8.287943389930e-14
 765  8.249232827655e-14
 766  8.209522807110e-14
 767  8.171633034088e-14
 768  8.131626892110e-14
 769  8.093733281684e-14
 770  8.055960977274e-14
 771  8.018109301121e-14
 772  7.980380293536e-14
 773  7.942823333656e-14
 774  7.905091611809e-14
 775  7.867533269594e-14
 776  7.830608872925e-14
 777  7.793101410935e-14
 778  7.758312568878e-14
 779  7.720609157180e-14
 780  7.684741964833e-14
 781  7.648894056905e-14
 782  7.612466364470e-14
 783  7.577135476210e-14
 784  7.541917065183e-14
 785  7.506763957715e-14
 786  7.471910236777e-14
 787  7.436934440906e-14
 788  7.402580414570e-14
 789  7.367780821625e-14
 790  7.334325401238e-14
 791  7.300157120142e-14
 792  7.266142470312e-14
 793  7.233001896324e-14
 794  7.199335127813e-14
 795  7.166213667763e-14
 796  7.133454720083e-14
 797  7.100840978821e-14
 798  7.068133173596e-14
 799  7.035774542740e-14
 800  7.003778819270e-14
 801  6.971994673628e-14
 802  6.940002805970e-14
 803  6.908439647344e-14
 804  6.877214852043e-14
 805  6.846126926792e-14
 806  6.815089800411e-14
 807  6.784215888133e-14
 808  6.753715939599e-14
 809  6.723517279590e-14
 810  6.693057211945e-14
 811  6.663064702236e-14
 812  6.633270866521e-14
 813  6.603606044822e-14
 814  6.574014299703e-14
 815  6.544783023943e-14
 816  6.515677674247e-14
 817  6.486697589149e-14
 818  6.458071505657e-14
 819  6.429514186360e-14
 820  6.401079138653e-14
 821  6.372765723733e-14
 822  6.344481205609e-14
 823  6.316859748177e-14
 824  6.288921152864e-14
 825  6.261482291486e-14
 826  6.233885794034e-14
 827  6.206640219788e-14
 828  6.179563932427e-14
 829  6.152690488743e-14
 830  6.125995376566e-14
 831  6.099209971668e-14
 832  6.072956470426e-14
 833  6.046573978872e-14
 834  6.020490950235e-14
 835  5.994318323739e-14
 836  5.968667183856e-14
 837  5.942861217342e-14
 838  5.917375503162e-14
 839  5.892059400866e-14
 840  5.866995015097e-14
 841  5.841840984968e-14
 842  5.816936992709e-14
 843  5.792135424925e-14
 844  5.767499135282e-14
 845  5.742855937447e-14
 846  5.718377299955e-14
 847  5.694454896762e-14
 848  5.670068658609e-14
 849  5.646297558550e-14
 850  5.622595421372e-14
 851  5.598910916003e-14
 852  5.575419646038e-14
 853  5.551988615182e-14
 854  5.528610349512e-14
 855  5.505603160771e-14
 856  5.482550676770e-14
 857  5.459686740020e-14
 858  5.436880560392e-14
 859  5.414159323853e-14
 860  5.391901396245e-14
 861  5.369556666857e-14
 862  5.347267609237e-14
 863  5.325267886794e-14
 864  5.303116339911e-14
 865  5.281086607725e-14
 866  5.259567729803e-14
 867  5.238067475892e-14
 868  5.216286420529e-14
 869  5.194983407097e-14
 870  5.173699120164e-14
 871  5.152525738817e-14
 872  5.131495013667e-14
 873  5.110647890328e-14
 874  5.089685780917e-14
 875  5.069246556604e-14
 876  5.048664631443e-14
 877  5.028162965826e-14
 878  5.007925292681e-14
 879  4.987515703358e-14
 880  4.967399949782e-14
 881  4.947362142670e-14
 882  4.927459934799e-14
 883  4.907730582556e-14
 884  4.888161722194e-14
 885  4.868549148573e-14
 886  4.848887080465e-14
 887  4.829661315634e-14
 888  4.810388102705e-14
 889  4.791068543352e-14
 890  4.771943005790e-14
 891  4.753215532147e-14
 892  4.734140404764e-14
 893  4.715375244221e-14
 894  4.696799132037e-14
 895  4.678205094730e-14
 896  4.659620911605e-14
 897  4.641279964807e-14
 898  4.623097108913e-14
 899  4.604663029541e-14
 900  4.586728807057e-14
 901  4.568775597727e-14
 902  4.550861137693e-14
 903  4.533042259005e-14
 904  4.515118972662e-14
 905  4.497656909506e-14
 906  4.480148305667e-14
 907  4.462591908540e-14
 908  4.445072592146e-14
 909  4.427925148508e-14
 910  4.410590664525e-14
 911  4.393624631542e-14
 912  4.376692913496e-14
 913  4.359441164186e-14
 914  4.342689450444e-14
 915  4.325917971306e-14
 916  4.309181380710e-14
 917  4.292560377065e-14
 918  4.276027454908e-14
 919  4.259662067872e-14
 920  4.243197188637e-14
 921  4.226793158561e-14
 922  4.210581564884e-14
 923  4.194482343364e-14
 924  4.178572755573e-14
 925  4.162564985921e-14
 926  4.146589871138e-14
 927  4.130699184393e-14
 928  4.114969672290e-14
 929  4.099375305888e-14
 930  4.083735004416e-14
 931  4.068076433181e-14
 932  4.052729036661e-14
 933  4.037310418825e-14
 934  4.021872151092e-14
 935  4.006742609021e-14
 936  3.991467348252e-14
 937  3.976398759936e-14
 938  3.961186031055e-14
 939  3.946251232418e-14
 940  3.931322832244e-14
 941  3.916397193430e-14
 942  3.901627501577e-14
 943  3.887006101489e-14
 944  3.872245167257e-14
 945  3.857755067300e-14
 946  3.843294987440e-14
 947  3.828836086065e-14
 948  3.814264352519e-14
 949  3.799986088028e-14
 950  3.785687700574e-14
 951  3.771440596809e-14
 952  3.757385672352e-14
 953  3.743078921769e-14
 954  3.729150969641e-14
 955  3.715202544068e-14
 956  3.701214289466e-14
 957  3.687414747465e-14
 958  3.673434216457e-14
 959  3.659690880670e-14
 960  3.646152785969e-14
 961  3.632555659589e-14
 962  3.618754072782e-14
 963  3.605367189947e-14
 964  3.591825069671e-14
 965  3.578331364801e-14
 966  3.565046001576e-14
 967  3.551696436166e-14
 968  3.538487114583e-14
 969  3.525143971592e-14
 970  3.512028717580e-14
 971  3.498937991181e-14
 972  3.485963443203e-14
 973  3.472926028372e-14
 974  3.459956707121e-14
 975  3.447033457107e-14
 976  3.434182154109e-14
 977  3.421504985343e-14
 978  3.408680259464e-14
 979  3.395927269399e-14
 980  3.383368007923e-14
 981  3.370831823426e-14
 982  3.358129558453e-14
 983  3.345729135310e-14
 984  3.333288810731e-14
 985  3.320892481081e-14
 986  3.308400144480e-14
 987  3.296138329356e-14
 988  3.283837509733e-14
 989  3.271580343985e-14
 990  3.259514890101e-14
 991  3.247207123334e-14
 992  3.235227198281e-14
 993  3.223153526820e-14
 994  3.211223325270e-14
 995  3.199234965557e-14
 996  3.187209337538e-14
 997  3.175451185714e-14
 998  3.163655062226e-14
 999  3.151900620993e-14
1000  3.140010691015e-14
1001  3.128384891015e-14
1002  3.116604840336e-14
1003  3.105028672752e-14
1004  3.093429242103e-14
1005  3.081935042586e-14
1006  3.070404543026e-14
1007  3.058895911209e-14
1008  3.047491865725e-14
1009  3.036109289312e-14
1010  3.024880886220e-14
1011  3.013547318795e-14
1012  3.002398246278e-14
1013  2.991144871568e-14
1014  2.980087626140e-14
1015  2.968727783583e-14
1016  2.957842161690e-14
1017  2.946698955940e-14
1018  2.935706117552e-14
1019  2.924704046322e-14
1020  2.913789226046e-14
1021  2.903047333893e-14
1022  2.892114251498e-14
1023  2.881285746697e-14
1024  2.870520747116e-14
1025  2.859919574392e-14
1026  2.849273341922e-14
1027  2.838728975108e-14
1028  2.828086875894e-14
1029  2.817482753360e-14
1030  2.807004494070e-14
1031  2.796623164716e-14
1032  2.786260900164e-14
1033  2.775760975563e-14
1034  2.765576357589e-14
1035  2.755192546046e-14
1036  2.744949244928e-14
1037  2.734845167709e-14
1038  2.724656696018e-14
1039  2.714665222734e-14
1040  2.704480261607e-14
1041  2.694542202852e-14
1042  2.684511659548e-14
1043  2.674559376686e-14
1044  2.664700050621e-14
1045  2.654875287601e-14
1046  2.645068329387e-14
1047  2.635270507244e-14
1048  2.625507241671e-14
1049  2.615942732817e-14
1050  2.606247552697e-14
1051  2.596570183780e-14
1052  2.587081241046e-14
1053  2.577625267521e-14
1054  2.568008436244e-14
1055  2.558715183122e-14
1056  2.549205527929e-14
1057  2.539841282654e-14
1058  2.530668835231e-14
1059  2.521369271829e-14
1060  2.512220965181e-14
1061  2.502946812093e-14
1062  2.493862056684e-14
1063  2.484824229666e-14
1064  2.475630589516e-14
1065  2.466617264429e-14
1066  2.457619669491e-14
1067  2.448668655070e-14
1068  2.439733224920e-14
1069  2.430867813044e-14
1070  2.422124488140e-14
1071  2.413259125811e-14
1072  2.404575925779e-14
1073  2.395795212661e-14
1074  2.387111507042e-14
1075  2.378481234443e-14
1076  2.369880580618e-14
1077  2.361362748076e-14
1078  2.352820838300e-14
1079  2.344435073222e-14
1080  2.335915820724e-14
1081  2.327587227554e-14
1082  2.319178721426e-14
1083  2.310871894381e-14
1084  2.302506277756e-14
1085  2.294256155138e-14
1086  2.286034060638e-14
1087  2.277940372036e-14
1088  2.269639567176e-14
1089  2.261638355391e-14
1090  2.253493402118e-14
1091  2.245413619622e-14
1092  2.237479277274e-14
1093  2.229538358530e-14
1094  2.221540123767e-14
1095  2.213485347426e-14
1096  2.205662173145e-14
1097  2.197962309974e-14
1098  2.189988617622e-14
1099  2.182377365641e-14
1100  2.174589935165e-14
1101  2.166815159097e-14
1102  2.159116849961e-14
1103  2.151525973974e-14
1104  2.143960398852e-14
1105  2.136339117566e-14
1106  2.128940983680e-14
1107  2.121303327964e-14
1108  2.113874478514e-14
1109  2.106403788005e-14
1110  2.098980800131e-14
1111  2.091560019547e-14
1112  2.084344649216e-14
1113  2.077087274084e-14
1114  2.069618517156e-14
1115  2.062409737189e-14
1116  2.055260217752e-14
1117  2.048069516626e-14
1118  2.040931798193e-14
1119  2.033823884015e-14
1120  2.026755519429e-14
1121  2.019659334955e-14
1122  2.012710780501e-14
1123  2.005683458168e-14
1124  1.998679395986e-14
1125  1.991786649942e-14
1126  1.984963741027e-14
1127  1.977965666906e-14
1128  1.971175165871e-14
1129  1.964344631530e-14
1130  1.957672709432e-14
1131  1.950834544601e-14
1132  1.944070763772e-14
1133  1.937437005247e-14
1134  1.930739178704e-14
1135  1.924160681918e-14
1136  1.917540432571e-14
1137  1.910992408968e-14
1138  1.904499489064e-14
1139  1.897967404652e-14
1140  1.891516403811e-14
1141  1.885026478390e-14
1142  1.878734054650e-14
1143  1.872273766925e-14
1144  1.865879866819e-14
1145  1.859494878601e-14
1146  1.853224459895e-14
1147  1.846913850426e-14
1148  1.840671908572e-14
1149  1.834494765564e-14
1150  1.828325668994e-14
1151  1.822118487029e-14
1152  1.815988765502e-14
1153  1.809821190478e-14
1154  1.803843503143e-14
1155  1.797736405128e-14
1156  1.791796498140e-14
1157  1.785818546425e-14
1158  1.779769196054e-14
1159  1.773861796423e-14
1160  1.767940393579e-14
1161  1.762058969967e-14
1162  1.756196056914e-14
1163  1.750339591811e-14
1164  1.744513575413e-14
1165  1.738783036853e-14
1166  1.732970572683e-14
1167  1.727318907919e-14
1168  1.721531797909e-14
1169  1.715860968420e-14
1170  1.710283134287e-14
1171  1.704636490430e-14
1172  1.699028494631e-14
1173  1.693448699108e-14
1174  1.687886226647e-14
1175  1.682415731148e-14
1176  1.676919090415e-14
1177  1.671344270745e-14
1178  1.665955859139e-14
1179  1.660446872038e-14
1180  1.655091666562e-14
1181  1.649616641290e-14
1182  1.644367454535e-14
1183  1.639029942623e-14
1184  1.633636236820e-14
1185  1.628331693797e-14
1186  1.623053732870e-14
1187  1.617853553645e-14
1188  1.612597403082e-14
1189  1.607469876901e-14
1190  1.602316770782e-14
1191  1.597138962219e-14
1192  1.591997186900e-14
1193  1.586931507786e-14
1194  1.581770962963e-14
1195  1.576806097858e-14
1196  1.571676706684e-14
1197  1.566642724862e-14
1198  1.561623978727e-14
1199  1.556739084288e-14
1200  1.551829138016e-14
1201  1.546845319370e-14
1202  1.541867553014e-14
1203  1.536944012469e-14
1204  1.532113216683e-14
1205  1.527296742816e-14
1206  1.522368766624e-14
1207  1.517658331193e-14
1208  1.512789513672e-14
1209  1.508097395940e-14
1210  1.503257561153e-14
1211  1.498508612714e-14
1212  1.493764326186e-14
1213  1.489232996275e-14
1214  1.484545896200e-14
1215  1.479852692933e-14
1216  1.475137216815e-14
1217  1.470566846297e-14
1218  1.466009826421e-14
1219  1.461466109943e-14
1220  1.456815220339e-14
1221  1.452318268348e-14
1222  1.447768493051e-14
1223  1.443178573808e-14
1224  1.438803716414e-14
1225  1.434313620541e-14
1226  1.429836737409e-14
1227  1.425373020286e-14
1228  1.420951232323e-14
1229  1.416585745200e-14
1230  1.412063919928e-14
1231  1.407752773192e-14
1232  1.403454025734e-14
1233  1.399043013164e-14
1234  1.394769311854e-14
1235  1.390412479781e-14
1236  1.386110679131e-14
1237  1.381893713376e-14
1238  1.377645009886e-14
1239  1.373408626531e-14
1240  1.369184520271e-14
1241  1.364972648247e-14
1242  1.360679835931e-14
1243  1.356492624340e-14
1244  1.352414408523e-14
1245  1.348158930851e-14
1246  1.344095791096e-14
1247  1.339933276173e-14
1248  1.335782914769e-14
1249  1.331763369686e-14
1250  1.327664561370e-14
1251  1.323608993999e-14
1252  1.319533876350e-14
1253  1.315537625967e-14
1254  1.311435849583e-14
1255  1.307387777289e-14
1256  1.303426195368e-14
1257  1.299453639419e-14
1258  1.295506439782e-14
1259  1.291490851606e-14
1260  1.287552650098e-14
1261  1.283666670131e-14
1262  1.279750971264e-14
1263  1.275846526931e-14
1264  1.271945193807e-14
1265  1.268090194002e-14
1266  1.264275653385e-14
1267  1.260330135782e-14
1268  1.256500366473e-14
1269  1.252753435103e-14
1270  1.248897611159e-14
1271  1.245052979044e-14
1272  1.241364895585e-14
1273  1.237542127614e-14
1274  1.233757048770e-14
1275  1.229956351739e-14
1276  1.226373010427e-14
1277  1.222620167544e-14
1278  1.218831525625e-14
1279  1.215170200209e-14
1280  1.211537834737e-14
1281  1.207889441743e-14
1282  1.204170089768e-14
1283  1.200611502455e-14
1284  1.196905670598e-14
1285  1.193324836231e-14
1286  1.189708554371e-14
1287  1.186216119428e-14
1288  1.182646107333e-14
1289  1.179060326903e-14
1290  1.175510666268e-14
1291  1.171937778260e-14
1292  1.168408353311e-14
1293  1.164948441957e-14
1294  1.161505594629e-14
1295  1.157998404866e-14
1296  1.154464343249e-14
1297  1.151068902757e-14
1298  1.147547452378e-14
1299  1.144171212997e-14
1300  1.140695088850e-14
1301  1.137377825588e-14
1302  1.133921157665e-14
1303  1.130539382303e-14
1304  1.127228387888e-14
1305  1.123865430380e-14
1306  1.120504751473e-14
1307  1.117185814823e-14
1308  1.113843932996e-14
1309  1.110607457873e-14
1310  1.107309095479e-14
1311  1.103914166700e-14
1312  1.100697851715e-14
1313  1.097497358166e-14
1314  1.094155658296e-14
1315  1.090966104036e-14
1316  1.087778318309e-14
1317  1.084526960380e-14
1318  1.081284785193e-14
1319  1.078217165684e-14
1320  1.074985910288e-14
1321  1.071832308644e-14
1322  1.068619088032e-14
1323  1.065483064260e-14
1324  1.062373349057e-14
1325  1.059247796750e-14
1326  1.056162001493e-14
1327  1.053053619747e-14
1328  1.049978104065e-14
1329  1.046810613843e-14
1330  1.043812377029e-14
1331  1.040762286200e-14
1332  1.037674106964e-14
1333  1.034625258932e-14
1334  1.031659840949e-14
1335  1.028621086802e-14
1336  1.025573380157e-14
1337  1.022649692529e-14
1338  1.019642488702e-14
1339  1.016637114492e-14
1340  1.013698479734e-14
1341  1.010709603054e-14
1342  1.007810814064e-14
1343  1.004902617327e-14
1344  1.001893242978e-14
1345  9.990182940080e-15
1346  9.961511242467e-15
1347  9.931727666441e-15
1348  9.903150449301e-15
1349  9.873765288540e-15
1350  9.845975690991e-15
1351  9.816921241765e-15
1352  9.788278871625e-15
1353  9.760715413029e-15
1354  9.731898548534e-15
1355  9.703489349745e-15
1356  9.675389838384e-15
1357  9.647367072773e-15
1358  9.619420804701e-15
1359  9.592104027599e-15
1360  9.564308449613e-15
1361  9.536160764448e-15
1362  9.508517677848e-15
1363  9.481496875993e-15
1364  9.453807179364e-15
1365  9.426328025747e-15
1366  9.398790302822e-15
1367  9.372290059231e-15
1368  9.344901243792e-15
1369  9.317898703977e-15
1370  9.291612869807e-15
1371  9.264612694474e-15
1372  9.238053517385e-15
1373  9.211034006209e-15
1374  9.184619071296e-15
1375  9.158441198449e-15
1376  9.131864955737e-15
1377  9.105604919437e-15
1378  9.079697516931e-15
1379  9.053859518409e-15
1380  9.027627148641e-15
1381  9.001928586375e-15
1382  8.976241144106e-15
1383  8.950277785083e-15
1384  8.924728773434e-15
1385  8.899126473358e-15
1386  8.873372775293e-15
1387  8.848250299044e-15
1388  8.822798217211e-15
1389  8.797195480931e-15
1390  8.772839523683e-15
1391  8.747591573366e-15
1392  8.722972371720e-15
1393  8.697859405529e-15
1394  8.672814392878e-15
1395  8.648610392203e-15
1396  8.623643311252e-15
1397  8.599568617973e-15
1398  8.575340748404e-15
1399  8.549908961660e-15
1400  8.525757501483e-15
1401  8.501885223647e-15
1402  8.478130295802e-15
1403  8.453459319249e-15
1404  8.430319423286e-15
1405  8.405833328558e-15
1406  8.382490295140e-15
1407  8.358618740547e-15
1408  8.335186205790e-15
1409  8.311653589297e-15
1410  8.287971278515e-15
1411  8.265468051435e-15
1412  8.241590401090e-15
1413  8.218253672110e-15
1414  8.195031845003e-15
1415  8.172397618316e-15
1416  8.149245071486e-15
1417  8.126206418778e-15
1418  8.103176715831e-15
1419  8.080780418377e-15
1420  8.058080333541e-15
1421  8.035800864550e-15
1422  8.013735654383e-15
1423  7.991004866171e-15
1424  7.968182795895e-15
1425  7.946292076824e-15
1426  7.924508852585e-15
1427  7.901814539219e-15
1428  7.880094997192e-15
1429  7.857570799150e-15
1430  7.836470126682e-15
1431  7.814268227749e-15
1432  7.793276472772e-15
1433  7.770985127631e-15
1434  7.749407337909e-15
1435  7.728284430487e-15
1436  7.706614490573e-15
1437  7.685254227144e-15
1438  7.663900192789e-15
1439  7.642651161218e-15
1440  7.622243678852e-15
1441  7.601102945152e-15
1442  7.579968294741e-15
1443  7.558888701070e-15
1444  7.538551348724e-15
1445  7.516755502293e-15
1446  7.496324193393e-15
1447  7.475662681211e-15
1448  7.455535715427e-15
1449  7.435307950660e-15
1450  7.414756493972e-15
1451  7.393972133906e-15
1452  7.374051428659e-15
1453  7.354180973630e-15
1454  7.333508642629e-15
1455  7.314259755188e-15
1456  7.293692563262e-15
1457  7.274221885463e-15
1458  7.253760285262e-15
1459  7.234660265135e-15
1460  7.214498921389e-15
1461  7.194855053502e-15
1462  7.175946183539e-15
1463  7.155892318420e-15
1464  7.136444204495e-15
1465  7.116999691993e-15
1466  7.097604843479e-15
1467  7.079082581592e-15
1468  7.059784431363e-15
1469  7.040535504053e-15
1470  7.021335651890e-15
1471  7.002830157056e-15
1472  6.983726515458e-15
1473  6.964548831163e-15
1474  6.945497972048e-15
1475  6.927224726599e-15
1476  6.908269166358e-15
1477  6.890087541548e-15
1478  6.871106692143e-15
1479  6.852972362282e-15
1480  6.834396692876e-15
1481  6.815559671290e-15
1482  6.797562463849e-15
1483  6.779302699936e-15
1484  6.761394824046e-15
1485  6.742934881880e-15
1486  6.725116777156e-15
1487  6.707183717327e-15
1488  6.688674831921e-15
1489  6.671609757911e-15
1490  6.653192505631e-15
1491  6.635439121407e-15
1492  6.617730126706e-15
1493  6.599595577219e-15
1494  6.581976190526e-15
1495  6.564443286610e-15
1496  6.547674467635e-15
1497  6.529381483187e-15
1498  6.511937301302e-15
1499  6.494721512624e-15
1500  6.477825222504e-15
1501  6.460509617674e-15
1502  6.443379482649e-15
1503  6.425858483462e-15
1504  6.408814416882e-15
1505  6.392309540880e-15
1506  6.374422590512e-15
1507  6.357959253747e-15
1508  6.341576689623e-15
1509  6.324413981082e-15
1510  6.307335614172e-15
1511  6.290585707530e-15
1512  6.273592734783e-15
1513  6.257999708878e-15
1514  6.241089022033e-15
1515  6.224180629598e-15
1516  6.207495196082e-15
1517  6.191474546155e-15
1518  6.175311638188e-15
1519  6.158569582978e-15
1520  6.142526844620e-15
1521  6.126046496738e-15
1522  6.109864807918e-15
1523  6.093901088193e-15
1524  6.077542708160e-15
1525  6.061657905704e-15
1526  6.045811838587e-15
1527  6.030004395219e-15
1528  6.014412509888e-15
1529  5.997942255168e-15
1530  5.982251643787e-15
1531  5.966560490240e-15
1532  5.951585679364e-15
1533  5.935237459802e-15
1534  5.919874989398e-15
1535  5.904971359640e-15
1536  5.888742607054e-15
1537  5.873912080587e-15
1538  5.857937216131e-15
1539  5.843179127045e-15
1540  5.827736592958e-15
1541  5.811879240470e-15
1542  5.797229351597e-15
1543  5.781862643587e-15
1544  5.767283122959e-15
1545  5.751990372507e-15
1546  5.736907768946e-15
1547  5.721690207824e-15
1548  5.707696832972e-15
1549  5.692722869607e-15
1550  5.677614378961e-15
1551  5.662714240946e-15
1552  5.648254530863e-15
1553  5.633255912028e-15
1554  5.618866331877e-15
1555  5.604110282765e-15
1556  5.589790188875e-15
1557  5.575540441604e-15
1558  5.561288353347e-15
1559  5.546673409412e-15
1560  5.532490025028e-15
1561  5.518340352174e-15
1562  5.504392687887e-15
1563  5.489595730892e-15
1564  5.475548169221e-15
1565  5.462127965613e-15
1566  5.448145666918e-15
1567  5.433656608215e-15
1568  5.419742039767e-15
1569  5.406449259975e-15
1570  5.392028773001e-15
1571  5.378799367393e-15
1572  5.364316792645e-15
1573  5.351115711230e-15
1574  5.337284650398e-15
1575  5.323729502988e-15
1576  5.309964386175e-15
1577  5.297052397808e-15
1578  5.283351578202e-15
1579  5.269649399453e-15
1580  5.255980254992e-15
1581  5.243190760909e-15
1582  5.229619511453e-15
1583  5.216210241459e-15
1584  5.202670036619e-15
1585  5.189730977960e-15
1586  5.176929062885e-15
1587  5.163645808554e-15
1588  5.150797098371e-15
1589  5.137542949174e-15
1590  5.124754748667e-15
1591  5.111434880683e-15
1592  5.098706996113e-15
1593  5.085312450154e-15
1594  5.072376021154e-15
1595  5.059738716519e-15
1596  5.047130598844e-15
1597  5.034518764786e-15
1598  5.021281282821e-15
1599  5.008921681832e-15
1600  4.996398465622e-15
1601  4.983413390620e-15
1602  4.970949354157e-15
1603  4.958446477564e-15
1604  4.946198810958e-15
1605  4.933145144000e-15
1606  4.921372998182e-15
1607  4.908537923372e-15
1608  4.896820352300e-15
1609  4.884044996195e-15
1610  4.871714025404e-15
1611  4.859665737233e-15
1612  4.847391985349e-15
1613  4.835115475095e-15
1614  4.822899325966e-15
1615  4.810272146411e-15
1616  4.798772189135e-15
1617  4.786765588182e-15
1618  4.774631686347e-15
1619  4.762712569170e-15
1620  4.751038606615e-15
1621  4.739143407633e-15
1622  4.727121475033e-15
1623  4.715282046848e-15
1624  4.703470279530e-15
1625  4.691256357438e-15
1626  4.679500573857e-15
1627  4.668168751018e-15
1628  4.656436367729e-15
1629  4.645156396769e-15
1630  4.632841863047e-15
1631  4.621614975133e-15
1632  4.610383125426e-15
1633  4.598154402437e-15
1634  4.587127359060e-15
1635  4.575345024806e-15
1636  4.564247337350e-15
1637  4.552641001384e-15
1638  4.541564638060e-15
1639  4.530041762665e-15
1640  4.519016290725e-15
1641  4.507517256630e-15
1642  4.496307148311e-15
1643  4.485507519031e-15
1644  4.474087934086e-15
1645  4.462695473276e-15
1646  4.452200334165e-15
1647  4.440859632223e-15
1648  4.429922748576e-15
1649  4.418634868596e-15
1650  4.407748843538e-15
1651  4.396513500966e-15
1652  4.385678059010e-15
1653  4.375616883779e-15
1654  4.364829215910e-15
1655  4.353695510987e-15
1656  4.343076757003e-15
1657  4.331739249998e-15
1658  4.321051885201e-15
1659  4.310507305598e-15
1660  4.299868434268e-15
1661  4.289371947307e-15
1662  4.279291876039e-15
1663  4.268696282096e-15
1664  4.257656633374e-15
1665  4.247256023361e-15
1666  4.237267845724e-15
1667  4.226158938513e-15
1668  4.215829746914e-15
1669  4.205882443361e-15
1670  4.194994055117e-15
1671  4.185092318180e-15
1672  4.175212158390e-15
1673  4.164541397495e-15
1674  4.154706256522e-15
1675  4.144294459153e-15
1676  4.133527196195e-15
1677  4.123902802313e-15
1678  4.113562615016e-15
1679  4.103981433042e-15
1680  4.093687520252e-15
1681  4.083532918253e-15
1682  4.073874704751e-15
1683  4.063765815062e-15
1684  4.053538661743e-15
1685  4.043848346908e-15
1686  4.034417922470e-15
1687  4.024400106514e-15
1688  4.014774492061e-15
1689  4.004802037050e-15
1690  3.994852611499e-15
1691  3.985266419925e-15
1692  3.975362059309e-15
1693  3.965845262080e-15
1694  3.956557465984e-15
1695  3.947056336226e-15
1696  3.937007155396e-15
1697  3.927549462016e-15
1698  3.917891228177e-15
1699  3.908501760858e-15
1700  3.899245985374e-15
1701  3.889872247966e-15
1702  3.880657471135e-15
1703  3.871324996297e-15
1704  3.861567026736e-15
1705  3.852276966009e-15
1706  3.843119619161e-15
1707  3.834007715669e-15
1708  3.824200265707e-15
1709  3.815481276543e-15
1710  3.806405067182e-15
1711  3.796799345447e-15
1712  3.788113283605e-15
1713  3.779122304370e-15
1714  3.769903013567e-15
1715  3.760927306611e-15
1716  3.751773834288e-15
1717  3.742838055073e-15
1718  3.733835975059e-15
1719  3.725283077864e-15
1720  3.715843003928e-15
1721  3.707328081145e-15
1722  3.698405487085e-15
1723  3.689368631811e-15
1724  3.680704418704e-15
1725  3.671707562088e-15
1726  3.662840615230e-15
1727  3.654437716878e-15
1728  3.645633497740e-15
1729  3.636825065627e-15
1730  3.628261950988e-15
1731  3.619492433688e-15
1732  3.611313691488e-15
1733  3.602582208813e-15
1734  3.594225623871e-15
1735  3.585532477986e-15
1736  3.576858838369e-15
1737  3.568533975966e-15
1738  3.559898433396e-15
1739  3.551633475691e-15
1740  3.543012420312e-15
1741  3.534783657074e-15
1742  3.526200419201e-15
1743  3.518115219204e-15
1744  3.509916714567e-15
1745  3.501412434222e-15
1746  3.492826970637e-15
1747  3.484682880989e-15
1748  3.476686112712e-15
1749  3.468576690219e-15
1750  3.460066146337e-15
1751  3.451969681102e-15
1752  3.444042504593e-15
1753  3.436132214582e-15
1754  3.427544237667e-15
1755  3.419669024302e-15
1756  3.411247480391e-15
1757  3.403406998421e-15
1758  3.395560764974e-15
1759  3.387529921608e-15
1760  3.379717555525e-15
1761  3.371387369499e-15
1762  3.363942734051e-15
1763  3.355648573996e-15
1764  3.347705118239e-15
1765  3.339977642550e-15
1766  3.332068440488e-15
1767  3.324500867125e-15
1768  3.316603658578e-15
1769  3.308723752252e-15
1770  3.301205423479e-15
1771  3.293381092206e-15
1772  3.285552113421e-15
1773  3.277865886325e-15
1774  3.270287180342e-15
1775  3.262634089718e-15
1776  3.254997663603e-15
1777  3.247252903189e-15
1778  3.239649847976e-15
1779  3.232041951280e-15
1780  3.224347526079e-15
1781  3.217304995167e-15
1782  3.209766909783e-15
1783  3.202563048562e-15
1784  3.195035813343e-15
1785  3.187546062843e-15
1786  3.180051518091e-15
1787  3.172909291649e-15
1788  3.165446562473e-15
1789  3.158000060627e-15
1790  3.150903505988e-15
1791  3.142968268914e-15
1792  3.135882105816e-15
1793  3.128622176481e-15
1794  3.121586533914e-15
1795  3.114544773676e-15
1796  3.107208842046e-15
1797  3.100318592992e-15
1798  3.092808674976e-15
1799  3.085641357882e-15
1800  3.078674253124e-15
1801  3.071822278599e-15
1802  3.064883803595e-15
1803  3.057573809487e-15
1804  3.050785530194e-15
1805  3.043890713229e-15
1806  3.036607029696e-15
1807  3.029861768803e-15
1808  3.023130349606e-15
1809  3.015772928222e-15
1810  3.009050413761e-15
1811  3.002361634534e-15
1812  2.995170050725e-15
1813  2.988807103288e-15
1814  2.981645565288e-15
1815  2.975012997150e-15
1816  2.968669694255e-15
1817  2.961552752125e-15
1818  2.955060193202e-15
1819  2.948286482586e-15
1820  2.941702748755e-15
1821  2.934937729314e-15
1822  2.928013395942e-15
1823  2.921762249495e-15
1824  2.915058831309e-15
1825  2.908660745947e-15
1826  2.901965739079e-15
1827  2.895402015342e-15
1828  2.889214646633e-15
1829  2.882371359297e-15
1830  2.875732025338e-15
1831  2.869699652894e-15
1832  2.863203499994e-15
1833  2.856604721615e-15
1834  2.850609291632e-15
1835  2.844153072091e-15
1836  2.837575708308e-15
1837  2.831146727891e-15
1838  2.824712453718e-15
1839  2.818797372421e-15
1840  2.812389008018e-15
1841  2.805994104198e-15
1842  2.799910347063e-15
1843  2.793560182540e-15
1844  2.787204774122e-15
1845  2.780862697409e-15
1846  2.774829061222e-15
1847  2.768512905021e-15
1848  2.762617964154e-15
1849  2.756327458160e-15
1850  2.750050125960e-15
1851  2.744077907643e-15
1852  2.737921515112e-15
1853  2.731973491835e-15
1854  2.726037260358e-15
1855  2.719918337984e-15
1856  2.714006129206e-15
1857  2.707750074654e-15
1858  2.701556529532e-15
1859  2.695793436061e-15
1860  2.689911373910e-15
1861  2.684171138735e-15
1862  2.677960968805e-15
1863  2.671829981211e-15
1864  2.666125348127e-15
1865  2.660414227418e-15
1866  2.654254927068e-15
1867  2.648455829639e-15
1868  2.642779531099e-15
1869  2.636657921856e-15
1870  2.631004931842e-15
1871  2.625188247697e-15
1872  2.619575312879e-15
1873  2.613955977068e-15
1874  2.607878658959e-15
1875  2.602282393813e-15
1876  2.596524154378e-15
1877  2.590950231370e-15
1878  2.585032165671e-15
1879  2.579309095167e-15
1880  2.573769154753e-15
1881  2.568051829196e-15
1882  2.562643423494e-15
1883  2.556676160066e-15
1884  2.550993736850e-15
1885  2.545907025859e-15
1886  2.539958678473e-15
1887  2.534783456666e-15
1888  2.528967541647e-15
1889  2.523341596848e-15
1890  2.517835426729e-15
1891  2.512416477369e-15
1892  2.506932295593e-15
1893  2.501459196444e-15
1894  2.495889335412e-15
1895  2.490438456541e-15
1896  2.485446217208e-15
1897  2.479735122269e-15
1898  2.474209536103e-15
1899  2.468802304428e-15
1900  2.463389535967e-15
1901  2.458004117333e-15
1902  2.452629549555e-15
1903  2.447249472348e-15
1904  2.442173679897e-15
1905  2.436814695038e-15
1906  2.431482762206e-15
1907  2.426145356549e-15
1908  2.420818719798e-15
1909  2.415518956613e-15
1910  2.410487384638e-15
1911  2.405192290482e-15
1912  2.399907866069e-15
1913  2.395011369754e-15
1914  2.389747504566e-15
1915  2.384780964731e-15
1916  2.379537660462e-15
1917  2.373965616975e-15
1918  2.369013280037e-15
1919  2.363906380563e-15
1920  2.358973206416e-15
1921  2.354049363336e-15
1922  2.348516958455e-15
1923  2.343613083219e-15
1924  2.338556701192e-15
1925  2.333775619302e-15
1926  2.328463899973e-15
1927  2.323686238949e-15
1928  2.318566058647e-15
1929  2.313389320231e-15
1930  2.308640092672e-15
1931  2.303915220809e-15
1932  2.298650356194e-15
1933  2.293944209711e-15
1934  2.288818180685e-15
1935  2.284115248743e-15
1936  2.278735044973e-15
1937  2.274325047917e-15
1938  2.269224258768e-15
1939  2.264471306544e-15
1940  2.259390786603e-15
1941  2.254845126018e-15
1942  2.249784550808e-15
1943  2.245155177239e-15
1944  2.240114587994e-15
1945  2.235772789640e-15
1946  2.230751521598e-15
1947  2.226157905677e-15
1948  2.221156444670e-15
1949  2.216518502507e-15
1950  2.211951695032e-15
1951  2.206964770739e-15
1952  2.202368940628e-15
1953  2.197814036682e-15
1954  2.193135460326e-15
1955  2.188287606917e-15
1956  2.183612969939e-15
1957  2.179207968091e-15
1958  2.174551028633e-15
1959  2.169741137033e-15
1960  2.165088180186e-15
1961  2.160558242528e-15
1962  2.156096644682e-15
1963  2.151583978005e-15
1964  2.146966493461e-15
1965  2.142212860914e-15
1966  2.137726931917e-15
1967  2.133235349081e-15
1968  2.128668068761e-15
1969  2.124193928723e-15
1970  2.119486784921e-15
1971  2.115030413496e-15
1972  2.110993215556e-15
1973  2.106469246909e-15
1974  2.102037895947e-15
1975  2.097615096941e-15
1976  2.092793613822e-15
1977  2.088388689835e-15
1978  2.083992258702e-15
1979  2.079618256983e-15
1980  2.075238725950e-15
1981  2.071117819217e-15
1982  2.066754631251e-15
1983  2.062496782307e-15
1984  2.058136444482e-15
1985  2.053798312021e-15
1986  2.049317172244e-15
1987  2.044996015185e-15
1988  2.040765827354e-15
1989  2.036707342716e-15
1990  2.032001028289e-15
1991  2.027809252206e-15
1992  2.023774234268e-15
1993  2.019488701673e-15
1994  2.015171740744e-15
1995  2.010902855073e-15
1996  2.006993831312e-15
1997  2.002337057605e-15
1998  1.998443320403e-15
1999  1.994206734616e-15
2000  1.989926202691e-15
2001  1.985719417009e-15
2002  1.981442328228e-15
2003  1.977585824043e-15
2004  1.972991547866e-15
2005  1.969150089895e-15
2006  1.964905858347e-15
2007  1.960984570339e-15
2008  1.956519622789e-15
2009  1.952694364676e-15
2010  1.948495833046e-15
2011  1.944684918052e-15
2012  1.940395463490e-15
2013  1.936611978254e-15
2014  1.932432140651e-15
2015  1.928014091981e-15
2016  1.924252694346e-15
2017  1.920097354357e-15
2018  1.915950249821e-15
2019  1.912197445210e-15
2020  1.908310003748e-15
2021  1.904173384387e-15
2022  1.900441553967e-15
2023  1.896333300729e-15
2024  1.892325561424e-15
2025  1.888233433244e-15
2026  1.884530096500e-15
2027  1.880681323608e-15
2028  1.876612169041e-15
2029  1.872630286612e-15
2030  1.868564519468e-15
2031  1.865134974491e-15
2032  1.861175542477e-15
2033  1.857144998460e-15
2034  1.853347194056e-15
2035  1.849410820922e-15
2036  1.845391097627e-15
2037  1.841706157947e-15
2038  1.838085772415e-15
2039  1.834414183817e-15
2040  1.830424178800e-15
2041  1.826766627281e-15
2042  1.822779489551e-15
2043  1.819135936875e-15
2044  1.815408798082e-15
2045  1.811546567022e-15
2046  1.807923585458e-15
2047  1.803973906229e-15
2048  1.800364770316e-15
2049  1.796750127354e-15
2050  1.793154228924e-15
2051  1.789233903319e-15
2052  1.785651730483e-15
2053  1.782064088444e-15
2054  1.778495037500e-15
2055  1.774692949937e-15
2056  1.771036416178e-15
2057  1.767487494396e-15
2058  1.763564047813e-15
2059  1.760016942122e-15
2060  1.756488198209e-15
2061  1.752954060121e-15
2062  1.749426396548e-15
2063  1.745905193596e-15
2064  1.742390437410e-15
2065  1.738893858230e-15
2066  1.735104900688e-15
2067  1.731610015372e-15
2068  1.728121520641e-15
2069  1.724639402817e-15
2070  1.721163648257e-15
2071  1.717554972945e-15
2072  1.714179612506e-15
2073  1.710723042172e-15
2074  1.707272780544e-15
2075  1.703690630253e-15
2076  1.700328768371e-15
2077  1.696897549307e-15
2078  1.693472584907e-15
2079  1.689992082966e-15
2080  1.686579783947e-15
2081  1.683248878596e-15
2082  1.679712616014e-15
2083  1.676394142226e-15
2084  1.673233045645e-15
2085  1.669564875109e-15
2086  1.666415395539e-15
2087  1.662760967976e-15
2088  1.659611827876e-15
2089  1.656329661306e-15
2090  1.652930425113e-15
2091  1.649574786551e-15
2092  1.646177088316e-15
2093  1.642833834405e-15
2094  1.639448825138e-15
2095  1.636424613576e-15
2096  1.632830638057e-15
2097  1.629732531698e-15
2098  1.626372204781e-15
2099  1.623369887003e-15
2100  1.619802198097e-15
2101  1.616810918327e-15
2102  1.613464041228e-15
2103  1.610398895472e-15
2104  1.607074961518e-15
2105  1.603887649376e-15
2106  1.600565148475e-15
2107  1.597259755850e-15
2108  1.594295375115e-15
2109  1.591001774715e-15
2110  1.587703623394e-15
2111  1.584766026634e-15
2112  1.581479634345e-15
2113  1.578282981302e-15
2114  1.575361186531e-15
2115  1.572092591330e-15
2116  1.568830167714e-15
2117  1.565924153204e-15
2118  1.562673341507e-15
2119  1.559511642234e-15
2120  1.556484036908e-15
2121  1.553598651483e-15
2122  1.550371093799e-15
2123  1.547221747102e-15
2124  1.544006266211e-15
2125  1.541350794761e-15
2126  1.538228679156e-15
2127  1.535019728562e-15
2128  1.531827231162e-15
2129  1.528930251351e-15
2130  1.525749249675e-15
2131  1.522645788482e-15
2132  1.520023225263e-15
2133  1.516930410011e-15
2134  1.513977504749e-15
2135  1.510906201606e-15
2136  1.507963863717e-15
2137  1.504893497678e-15
2138  1.501828879162e-15
2139  1.498902500764e-15
2140  1.496052151878e-15
2141  1.492922983559e-15
2142  1.490093086382e-15
2143  1.487055999568e-15
2144  1.484236252104e-15
2145  1.481119383471e-15
2146  1.478309844649e-15
2147  1.475505147797e-15
2148  1.472485212501e-15
2149  1.469610267408e-15
2150  1.466810562146e-15
2151  1.464025642279e-15
2152  1.461027104366e-15
2153  1.458252164259e-15
2154  1.455472105459e-15
2155  1.452371089167e-15
2156  1.449394332456e-15
2157  1.446639464969e-15
2158  1.443879513755e-15
2159  1.441124320749e-15
2160  1.438373876264e-15
2161  1.435637930889e-15
2162  1.432565726986e-15
2163  1.429830069541e-15
2164  1.427099121105e-15
2165  1.424372872111e-15
2166  1.421660981395e-15
2167  1.418615993566e-15
2168  1.415983063225e-15
2169  1.413276029548e-15
2170  1.410573646951e-15
2171  1.407540705146e-15
2172  1.404848222491e-15
2173  1.402238624685e-15
2174  1.399231518234e-15
2175  1.396553398224e-15
2176  1.394157116707e-15
2177  1.391165752987e-15
2178  1.388492083312e-15
2179  1.385910207154e-15
2180  1.382925491621e-15
2181  1.380482252222e-15
2182  1.377904539397e-15
2183  1.374935448406e-15
2184  1.372582149511e-15
2185  1.369940617629e-15
2186  1.367064232176e-15
2187  1.364636734380e-15
2188  1.361770542353e-15
2189  1.359156999018e-15
2190  1.356495393851e-15
2191  1.353967700679e-15
2192  1.351238711294e-15
2193  1.348710710075e-15
2194  1.346000419671e-15
2195  1.343481298243e-15
2196  1.340847664727e-15
2197  1.338337325694e-15
2198  1.335645803907e-15
2199  1.333144272489e-15
2200  1.330529076278e-15
2201  1.328235446659e-15
2202  1.325354315658e-15
2203  1.323068690973e-15
2204  1.320273357262e-15
2205  1.317995638799e-15
2206  1.315407433192e-15
2207  1.312823851805e-15
2208  1.310285661381e-15
2209  1.307702245391e-15
2210  1.305132362134e-15
2211  1.302878108001e-15
2212  1.300121654837e-15
2213  1.297875177691e-15
2214  1.295313949150e-15
2215  1.292766125962e-15
2216  1.290214039536e-15
2217  1.287982912908e-15
2218  1.285246358902e-15
2219  1.282716464851e-15
2220  1.280571424561e-15
2221  1.278041149817e-15
2222  1.275515395638e-15
2223  1.272994152816e-15
2224  1.270789734482e-15
2225  1.268276897804e-15
2226  1.265851176966e-15
2227  1.263347203037e-15
2228  1.261149116894e-15
2229  1.258653498578e-15
2230  1.256236009419e-15
2231  1.253749200214e-15
2232  1.251463440829e-15
2233  1.248985114644e-15
2234  1.246576052959e-15
2235  1.244412542143e-15
2236  1.242020012994e-15
2237  1.239558568373e-15
2238  1.237287513077e-15
2239  1.234907461280e-15
2240  1.232450274572e-15
2241  1.230078714821e-15
2242  1.227823229853e-15
2243  1.225451396077e-15
2244  1.223019520214e-15
2245  1.220848121278e-15
2246  1.218416117518e-15
2247  1.216069140420e-15
2248  1.213836618375e-15
2249  1.211489362816e-15
2250  1.209146257401e-15
2251  1.206925094566e-15
2252  1.204589994296e-15
2253  1.202448208473e-15
2254  1.200049147983e-15
2255  1.197914629058e-15
2256  1.195595366204e-15
2257  1.193396376779e-15
2258  1.191085025527e-15
2259  1.188964886512e-15
2260  1.186360857401e-15
2261  1.184177028063e-15
2262  1.181881881889e-15
2263  1.179768458291e-15
2264  1.177666493594e-15
2265  1.175382789407e-15
2266  1.173279833517e-15
2267  1.170891582682e-15
2268  1.168548989252e-15
2269  1.166457028455e-15
2270  1.164376398042e-15
2271  1.161813545701e-15
2272  1.159740405799e-15
2273  1.157670573064e-15
2274  1.155596124331e-15
2275  1.153050880289e-15
2276  1.150991794008e-15
2277  1.148928115092e-15
2278  1.146875597643e-15
2279  1.144528240251e-15
2280  1.142544892199e-15
2281  1.140315029140e-15
2282  1.137979867991e-15
2283  1.135944953634e-15
2284  1.133905500159e-15
2285  1.131582190789e-15
2286  1.129549751366e-15
2287  1.127589996449e-15
2288  1.125278402865e-15
2289  1.123256114554e-15
2290  1.121244740392e-15
2291  1.119006334363e-15
2292  1.116994137559e-15
2293  1.114702156323e-15
2294  1.112765800332e-15
2295  1.110763635847e-15
2296  1.108483191089e-15
2297  1.106731278718e-15
2298  1.104458306244e-15
2299  1.102469470534e-15
2300  1.100265314175e-15
2301  1.098283239337e-15
2302  1.096372694868e-15
2303  1.094111385543e-15
2304  1.092311647910e-15
2305  1.090133485388e-15
2306  1.088160184353e-15
2307  1.085982107918e-15
2308  1.084201639700e-15
2309  1.082030773215e-15
2310  1.080138361060e-15
2311  1.078084909797e-15
2312  1.076206098784e-15
2313  1.073974841814e-15
2314  1.072279273681e-15
2315  1.070130150838e-15
2316  1.067910225365e-15
2317  1.066223247531e-15
2318  1.064077850103e-15
2319  1.062329075412e-15
2320  1.060190777768e-15
2321  1.058507399043e-15
2322  1.056316361495e-15
2323  1.054189050402e-15
2324  1.052514195252e-15
2325  1.050393850383e-15
2326  1.048731589538e-15
2327  1.046724223897e-15
2328  1.044614439561e-15
2329  1.042960298259e-15
2330  1.040850243144e-15
2331  1.038922704698e-15
2332  1.037105386930e-15
2333  1.035117823901e-15
2334  1.033199811897e-15
2335  1.031384336243e-15
2336  1.029472549520e-15
2337  1.027563954849e-15
2338  1.025750296400e-15
2339  1.023847904145e-15
2340  1.021948685853e-15
2341  1.020326445662e-15
2342  1.018257857996e-15
2343  1.016367950345e-15
2344  1.014474209494e-15
2345  1.012862485790e-15
2346  1.010807563321e-15
2347  1.008988469345e-15
2348  1.007114036255e-15
2349  1.005235801514e-15
2350  1.003637107435e-15
2351  1.001764650559e-15
2352  9.997300679827e-16
2353  9.978641562259e-16
2354  9.960731196874e-16
2355  9.944804785174e-16
2356  9.926233385197e-16
2357  9.907761222681e-16
2358  9.889898134315e-16
2359  9.871418727203e-16
2360  9.852970127801e-16
2361  9.834552277308e-16
2362  9.819515360708e-16
2363  9.801153327177e-16
2364  9.782821875527e-16
2365  9.765163054455e-16
2366  9.746891938738e-16
2367  9.728651231311e-16
2368  9.711081024641e-16
2369  9.692900309789e-16
2370  9.677056571118e-16
2371  9.658866029631e-16
2372  9.641409992551e-16
2373  9.623345718197e-16
2374  9.605311456732e-16
2375  9.587876741735e-16
2376  9.571552172353e-16
2377  9.554238655655e-16
2378  9.536887855237e-16
2379  9.518998160493e-16
2380  9.501705196358e-16
2381  9.485510333229e-16
2382  9.469317481493e-16
2383  9.451540307908e-16
2384  9.435790077481e-16
2385  9.418633358529e-16
2386  9.400616402159e-16
2387  9.383582108348e-16
2388  9.367868920241e-16
2389  9.350002921551e-16
2390  9.334339881830e-16
2391  9.317092181486e-16
2392  9.299248048560e-16
2393  9.283725196756e-16
2394  9.266561744155e-16
2395  9.251087806582e-16
2396  9.233355904075e-16
2397  9.217612952043e-16
2398  9.200559505425e-16
2399  9.183280854750e-16
2400  9.167867928840e-16
2401  9.150024821096e-16
2402  9.134724549122e-16
2403  9.119131984199e-16
2404  9.101990881075e-16
2405  9.086448344239e-16
2406  9.069299932953e-16
2407  9.053869906662e-16
2408  9.036776869627e-16
2409  9.020781115531e-16
2410  9.005362068201e-16
2411  8.988350985034e-16
2412  8.972733322299e-16
2413  8.957449408985e-16
2414  8.940272380730e-16
2415  8.924976066690e-16
2416  8.909456535250e-16
2417  8.892608139316e-16
2418  8.877748673800e-16
2419  8.862302672958e-16
2420  8.846880513996e-16
2421  8.829894215139e-16
2422  8.814522309261e-16
2423  8.799174111429e-16
2424  8.783849578576e-16
2425  8.766911005045e-16
2426  8.751636459399e-16
2427  8.736990081912e-16
2428  8.721520622770e-16
2429  8.706316405073e-16
2430  8.690834894696e-16
2431  8.674117084014e-16
2432  8.659288199177e-16
2433  8.643941157125e-16
2434  8.628797342463e-16
2435  8.613498047975e-16
2436  8.598762662715e-16
2437  8.583510789765e-16
2438  8.568223472451e-16
2439  8.553617188573e-16
2440  8.538377234440e-16
2441  8.523161230249e-16
2442  8.508624141110e-16
2443  8.493219968474e-16
2444  8.478075295685e-16
2445  8.463314316042e-16
2446  8.448216997102e-16
2447  8.433502945749e-16
2448  8.418511126711e-16
2449  8.403193405985e-16
2450  8.388549907240e-16
2451  8.373570699450e-16
2452  8.360537666243e-16
2453  8.345371198370e-16
2454  8.330818302936e-16
2455  8.315699615539e-16
2456  8.301135741723e-16
2457  8.286064761381e-16
2458  8.272866335607e-16
2459  8.258427204770e-16
2460  8.243424826762e-16
2461  8.228746592020e-16
2462  8.213791894764e-16
2463  8.200923575490e-16
2464  8.186370136431e-16
2465  8.171200115678e-16
2466  8.156863736569e-16
2467  8.143323178302e-16
2468  8.128804950044e-16
2469  8.114310110826e-16
2470  8.101355685929e-16
2471  8.086324881236e-16
2472  8.071897957804e-16
2473  8.059003652394e-16
2474  8.044042147702e-16
2475  8.029459926604e-16
2476  8.016625767226e-16
2477  8.002088261001e-16
2478  7.989293024232e-16
2479  7.974224360344e-16
2480  7.961468369625e-16
2481  7.946965251484e-16
2482  7.932540991896e-16
2483  7.919844364046e-16
2484  7.904836363299e-16
2485  7.891959566733e-16
2486  7.877569832694e-16
2487  7.864514081764e-16
2488  7.850169221566e-16
2489  7.837317127940e-16
2490  7.823071026866e-16
2491  7.810041334223e-16
2492  7.797301573576e-16
2493  7.782796148259e-16
2494  7.770095786317e-16
2495  7.755689558797e-16
2496  7.742759434347e-16
2497  7.730116813120e-16
2498  7.715723226145e-16
2499  7.702852062692e-16
2500  7.688557293348e-16
2501  7.675726283977e-16
2502  7.662701122531e-16
2503  7.648419694765e-16
2504  7.635647901976e-16
2505  7.622682926933e-16
2506  7.609948926763e-16
2507  7.595755109010e-16
2508  7.583410402767e-16
2509  7.570471464590e-16
2510  7.557814679582e-16
2511  7.543497928473e-16
2512  7.530671494301e-16
2513  7.517811946480e-16
2514  7.505581221813e-16
2515  7.492759661166e-16
2516  7.478552875737e-16
2517  7.465772089608e-16
2518  7.452803103967e-16
2519  7.440667448615e-16
2520  7.427943819960e-16
2521  7.415032912414e-16
2522  7.401458945802e-16
2523  7.388589016222e-16
2524  7.375995362505e-16
2525  7.363164264945e-16
2526  7.350852715678e-16
2527  7.338315682216e-16
2528  7.326041515368e-16
2529  7.313287267401e-16
2530  7.300552463616e-16
2531  7.288385687385e-16
2532  7.275638516607e-16
2533  7.262961423984e-16
2534  7.250850749445e-16
2535  7.237959747116e-16
2536  7.225886493560e-16
2537  7.213235623859e-16
2538  7.201199334753e-16
2539  7.188386267612e-16
2540  7.176337150780e-16
2541  7.163563102733e-16
2542  7.151601075769e-16
2543  7.138865824834e-16
2544  7.126692426577e-16
2545  7.115632096446e-16
2546  7.103494019762e-16
2547  7.090784603185e-16
2548  7.078684471185e-16
2549  7.066309584087e-16
2550  7.054197615734e-16
2551  7.043576944363e-16
2552  7.031010785622e-16
2553  7.018952905958e-16
2554  7.006425317055e-16
2555  6.994405085325e-16
2556  6.983620489711e-16
2557  6.971148206864e-16
2558  6.959230513632e-16
2559  6.947282681846e-16
2560  6.936028104699e-16
2561  6.924115625814e-16
2562  6.912269721185e-16
2563  6.900201361365e-16
2564  6.889205176156e-16
2565  6.877172552382e-16
2566  6.865158803141e-16
2567  6.854741733072e-16
2568  6.842232571027e-16
2569  6.830225496106e-16
2570  6.819664648157e-16
2571  6.807977982153e-16
2572  6.797400018949e-16
2573  6.784982481160e-16
2574  6.773064904499e-16
2575  6.762581809273e-16
2576  6.750746444496e-16
2577  6.740246719206e-16
2578  6.728211361374e-16
2579  6.716429673046e-16
2580  6.705452284485e-16
2581  6.693705749990e-16
2582  6.683097310840e-16
2583  6.671339032893e-16
2584  6.660761822663e-16
2585  6.649038490598e-16
2586  6.638492400785e-16
2587  6.626803895582e-16
2588  6.616335024149e-16
2589  6.604450507094e-16
2590  6.593966624897e-16
2591  6.583727165240e-16
2592  6.571894640174e-16
2593  6.561456009069e-16
2594  6.549659031976e-16
2595  6.539251400853e-16
2596  6.528858148919e-16
2597  6.516930970734e-16
2598  6.506568847095e-16
2599  6.494859365895e-16
2600  6.485043561255e-16
2601  6.474499782124e-16
2602  6.462841665693e-16
2603  6.452329562794e-16
2604  6.442057483649e-16
2605  6.430226243168e-16
2606  6.419984937197e-16
2607  6.409533703327e-16
2608  6.399609273338e-16
2609  6.387847255692e-16
2610  6.377442049333e-16
2611  6.367051560337e-16
2612  6.356898003845e-16
2613  6.345493096611e-16
2614  6.335148321353e-16
2615  6.324818162588e-16
2616  6.314502595840e-16
2617  6.303386816213e-16
2618  6.293102059959e-16
2619  6.282612078215e-16
2620  6.272863294320e-16
2621  6.262402896601e-16
2622  6.252176345453e-16
2623  6.240435882101e-16
2624  6.230745397257e-16
2625  6.220346429637e-16
2626  6.209962508910e-16
2627  6.200314055134e-16
2628  6.189959367309e-16
2629  6.180122304648e-16
2630  6.169797103998e-16
2631  6.159486825290e-16
2632  6.149692804280e-16
2633  6.138079713271e-16
2634  6.128316180559e-16
2635  6.118066645083e-16
2636  6.107618085175e-16
2637  6.097897553590e-16
2638  6.087692248089e-16
2639  6.077787092910e-16
2640  6.067611123610e-16
2641  6.057947193545e-16
2642  6.047588333581e-16
2643  6.037741273919e-16
2644  6.027581460712e-16
2645  6.017763367947e-16
2646  6.008769169314e-16
2647  5.999188285837e-16
2648  5.988916843379e-16
2649  5.979112659770e-16
2650  5.969364695491e-16
2651  5.959137869193e-16
2652  5.949418798212e-16
2653  5.939180070634e-16
2654  5.929489860280e-16
2655  5.919813792984e-16
2656  5.910903626441e-16
2657  5.901047456142e-16
2658  5.891412485430e-16
2659  5.881260637646e-16
2660  5.871448434847e-16
2661  5.861856363410e-16
2662  5.853020800349e-16
2663  5.843250318645e-16
2664  5.833494418131e-16
2665  5.823429270670e-16
2666  5.813702645499e-16
2667  5.805252437953e-16
2668  5.795229438661e-16
2669  5.785503863733e-16
2670  5.775833365952e-16
2671  5.767431223591e-16
2672  5.757262886739e-16
2673  5.747593742267e-16
2674  5.739227310139e-16
2675  5.729625215876e-16
2676  5.719997284407e-16
2677  5.711183743580e-16
2678  5.701582978641e-16
2679  5.691796863815e-16
2680  5.683501209682e-16
2681  5.673941704944e-16
2682  5.664197716944e-16
2683  5.655937192226e-16
2684  5.645741289409e-16
2685  5.636237811030e-16
2686  5.627815052502e-16
2687  5.618338214761e-16
2688  5.609938743914e-16
2689  5.600291874266e-16
2690  5.590856001626e-16
2691  5.582492408779e-16
2692  5.572887300101e-16
2693  5.564508021246e-16
2694  5.554930237288e-16
2695  5.546613397875e-16
2696  5.537062786541e-16
2697  5.528769177630e-16
2698  5.519206885340e-16
2699  5.510936487871e-16
2700  5.501440020488e-16
2701  5.493154113015e-16
2702  5.483492003797e-16
2703  5.475268029390e-16
2704  5.465787266310e-16
2705  5.457394554400e-16
2706  5.447941020596e-16
2707  5.439572104960e-16
2708  5.431405061311e-16
2709  5.421800512804e-16
2710  5.413656546402e-16
2711  5.404079610322e-16
2712  5.395769026190e-16
2713  5.386876881999e-16
2714  5.378589465442e-16
2715  5.370275222862e-16
2716  5.360765965665e-16
2717  5.352513225370e-16
2718  5.344271353239e-16
2719  5.335267769693e-16
2720  5.327011670155e-16
2721  5.318803897114e-16
2722  5.309374772211e-16
2723  5.301153185055e-16
2724  5.293443136421e-16
2725  5.283830617683e-16
2726  5.275680467638e-16
2727  5.267318738150e-16
2728  5.259652225000e-16
2729  5.250278358626e-16
2730  5.241988475472e-16
2731  5.233672980294e-16
2732  5.226012950673e-16
2733  5.216544838817e-16
2734  5.208264373863e-16
2735  5.200637274922e-16
2736  5.192415169779e-16
2737  5.184167683370e-16
2738  5.174729555617e-16
2739  5.166963929314e-16
2740  5.158787783645e-16
2741  5.151043307574e-16
2742  5.142852693078e-16
2743  5.133480622694e-16
2744  5.125589349450e-16
2745  5.117433768001e-16
2746  5.109289232964e-16
2747  5.101430754172e-16
2748  5.093308180064e-16
2749  5.085471440548e-16
2750  5.077370757139e-16
2751  5.068377765798e-16
2752  5.060300745216e-16
2753  5.052056743318e-16
2754  5.044276120234e-16
2755  5.036019184133e-16
2756  5.028437459182e-16
2757  5.020238233614e-16
2758  5.012500839516e-16
2759  5.004324006913e-16
2760  4.996573027780e-16
2761  4.988418572314e-16
2762  4.980548933185e-16
2763  4.972381970164e-16
2764  4.964709580474e-16
2765  4.957012787460e-16
2766  4.948739652852e-16
2767  4.941064653379e-16
2768  4.932988297219e-16
2769  4.925161187289e-16
2770  4.917107162752e-16
2771  4.909302244971e-16
2772  4.901715685950e-16
2773  4.893487682759e-16
2774  4.885715884582e-16
2775  4.877682966263e-16
2776  4.871100828618e-16
2777  4.863394554828e-16
2778  4.855221833148e-16
2779  4.847503440543e-16
2780  4.839795942636e-16
2781  4.831827812056e-16
2782  4.824142170839e-16
2783  4.816467371450e-16
2784  4.809787168494e-16
2785  4.801692018108e-16
2786  4.794048519071e-16
2787  4.786415793535e-16
2788  4.778354475587e-16
2789  4.770743621793e-16
2790  4.764084602241e-16
2791  4.756493736146e-16
2792  4.748475628346e-16
2793  4.740705762663e-16
2794  4.733147591458e-16
2795  4.726567350782e-16
2796  4.718592453337e-16
2797  4.710865527018e-16
2798  4.703349000582e-16
2799  4.696771276036e-16
2800  4.689274450195e-16
2801  4.681589853867e-16
2802  4.673680071314e-16
2803  4.667138033738e-16
2804  4.659518017122e-16
2805  4.651876129438e-16
2806  4.645557276933e-16
2807  4.637935454421e-16
2808  4.630324659752e-16
2809  4.623435731754e-16
2810  4.615845548484e-16
2811  4.608266341286e-16
2812  4.601803100012e-16
2813  4.594244072068e-16
2814  4.586695969090e-16
2815  4.580291124164e-16
2816  4.572763054932e-16
2817  4.565245859912e-16
2818  4.558834529315e-16
2819  4.551337323945e-16
2820  4.544782120798e-16
2821  4.537305094001e-16
2822  4.529838857769e-16
2823  4.523502116863e-16
2824  4.515864172527e-16
2825  4.509512246306e-16
2826  4.501926769600e-16
2827  4.495591570131e-16
2828  4.487994809406e-16
2829  4.481708006539e-16
2830  4.474131717645e-16
2831  4.466756134546e-16
2832  4.460305559799e-16
2833  4.452760885302e-16
2834  4.446484783638e-16
2835  4.438960471528e-16
2836  4.432575533938e-16
2837  4.425071720547e-16
2838  4.418672575921e-16
2839  4.412702867402e-16
2840  4.405228499080e-16
2841  4.398853940233e-16
2842  4.391399965095e-16
2843  4.385042452622e-16
2844  4.377577842787e-16
2845  4.371237367592e-16
2846  4.364243274883e-16
2847  4.357919452124e-16
2848  4.351603291158e-16
2849  4.344034596524e-16
2850  4.337735564756e-16
2851  4.330371682640e-16
2852  4.324353768813e-16
2853  4.318079083246e-16
2854  4.310530732945e-16
2855  4.304303546497e-16
2856  4.298286951745e-16
2857  4.290799188808e-16
2858  4.284565963778e-16
2859  4.278158595010e-16
2860  4.271115812019e-16
2861  4.264906937258e-16
2862  4.258554836891e-16
2863  4.251097089496e-16
2864  4.245175837104e-16
2865  4.238818824954e-16
2866  4.231421138579e-16
2867  4.225493993320e-16
2868  4.219192012392e-16
2869  4.212868053093e-16
2870  4.205891224156e-16
2871  4.199614148986e-16
2872  4.193166719200e-16
2873  4.187286351949e-16
2874  4.179937244624e-16
2875  4.173692999211e-16
2876  4.167659380342e-16
2877  4.161430669355e-16
2878  4.153944259568e-16
2879  4.148141385581e-16
2880  4.141732065105e-16
2881  4.135944028905e-16
2882  4.129550718766e-16
2883  4.123370188462e-16
2884  4.116350047550e-16
2885  4.110011687349e-16
2886  4.104233170697e-16
2887  4.097881574065e-16
2888  4.091972872487e-16
2889  4.085666331808e-16
2890  4.078703300700e-16
2891  4.072558628961e-16
2892  4.066681873362e-16
2893  4.060379754077e-16
2894  4.054518284888e-16
2895  4.048232120134e-16
2896  4.042385890734e-16
2897  4.035972576705e-16
2898  4.030113173197e-16
2899  4.023887561184e-16
2900  4.016868922407e-16
2901  4.010861487126e-16
2902  4.004731458793e-16
2903  3.998711220817e-16
2904  3.992738774950e-16
2905  3.986592598183e-16
2906  3.980635698099e-16
2907  3.974545489780e-16
2908  3.968632205513e-16
2909  3.962529709891e-16
2910  3.956631763876e-16
2911  3.950545163294e-16
2912  3.944634526946e-16
2913  3.938591755110e-16
2914  3.932596702893e-16
2915  3.926709112712e-16
2916  3.920662153321e-16
2917  3.914690642977e-16
2918  3.908659627577e-16
2919  3.902703891992e-16
2920  3.896728337460e-16
2921  3.890788297420e-16
2922  3.884788993009e-16
2923  3.879883291292e-16
2924  3.873937717196e-16
2925  3.868027451817e-16
2926  3.862097538983e-16
2927  3.856202829715e-16
2928  3.850327858047e-16
2929  3.844421337001e-16
2930  3.838386368550e-16
2931  3.832534865744e-16
2932  3.826651872162e-16
2933  3.821846751914e-16
2934  3.815842250856e-16
2935  3.810020266677e-16
2936  3.804043883014e-16
2937  3.798225373805e-16
2938  3.792265000187e-16
2939  3.786474079232e-16
2940  3.781550052252e-16
2941  3.775612205062e-16
2942  3.769869851134e-16
2943  3.763947863531e-16
2944  3.758072771916e-16
2945  3.753339720851e-16
2946  3.747440059758e-16
2947  3.741587175538e-16
2948  3.735730043369e-16
2949  3.729893020849e-16
2950  3.725030785979e-16
2951  3.719208115568e-16
2952  3.713393339071e-16
2953  3.707586444360e-16
2954  3.702787105773e-16
2955  3.696994445437e-16
2956  3.691209632546e-16
2957  3.685432655056e-16
2958  3.680657367653e-16
2959  3.674737838353e-16
2960  3.668983045711e-16
2961  3.664251618055e-16
2962  3.658523191746e-16
2963  3.652634434800e-16
2964  3.647958876366e-16
2965  3.642084751205e-16
2966  3.636386284845e-16
2967  3.631573242093e-16
2968  3.625850776500e-16
2969  3.620045511982e-16
2970  3.615379203918e-16
2971  3.609588393919e-16
2972  3.603805648551e-16
2973  3.599156891402e-16
2974  3.593388536299e-16
2975  3.587628210599e-16
2976  3.583034845093e-16
2977  3.577288813002e-16
2978  3.572516161451e-16
2979  3.566797110697e-16
2980  3.561073571897e-16
2981  3.556356923742e-16
2982  3.550647803536e-16
2983  3.545942733875e-16
2984  3.540285681667e-16
2985  3.534611331459e-16
2986  3.529886580624e-16
2987  3.524251673440e-16
2988  3.519576048879e-16
2989  3.513930323632e-16
2990  3.509141325452e-16
2991  3.503547534516e-16
2992  3.498894959014e-16
2993  3.493153560655e-16
2994  3.488512553586e-16
2995  3.482947189291e-16
2996  3.478169005372e-16
2997  3.472642622235e-16
2998  3.468024434326e-16
2999  3.462339431673e-16
3000  3.457769968754e-16
