     2    0.00000e+00
     3    0.00000e+00
     4    0.00000e+00
     5    0.00000e+00
     6    0.00000e+00
     7    0.00000e+00
     8    0.00000e+00
     9    0.00000e+00
    10    0.00000e+00
    11    0.00000e+00
    12    0.00000e+00
    13    0.00000e+00
    14    0.00000e+00
    15    0.00000e+00
    16    0.00000e+00
    17    0.00000e+00
    18    0.00000e+00
    19    0.00000e+00
    20    0.00000e+00
    21    0.00000e+00
    22    0.00000e+00
    23    0.00000e+00
    24    0.00000e+00
    25    0.00000e+00
    26    0.00000e+00
    27    0.00000e+00
    28    0.00000e+00
    29    0.00000e+00
    30    0.00000e+00
    31    0.00000e+00
    32    0.00000e+00
    33    0.00000e+00
    34    0.00000e+00
    35    0.00000e+00
    36    0.00000e+00
    37    0.00000e+00
    38    0.00000e+00
    39    0.00000e+00
    40    0.00000e+00
    41    0.00000e+00
    42    0.00000e+00
    43    0.00000e+00
    44    0.00000e+00
    45    0.00000e+00
    46    0.00000e+00
    47    0.00000e+00
    48    0.00000e+00
    49    0.00000e+00
    50    0.00000e+00
    51    0.00000e+00
    52    0.00000e+00
    53    0.00000e+00
    54    0.00000e+00
    55    0.00000e+00
    56    0.00000e+00
    57    0.00000e+00
    58    0.00000e+00
    59    0.00000e+00
    60    8.82242e-01
    61    8.82207e-01
    62    8.82277e-01
    63    8.82953e-01
    64    8.83710e-01
    65    8.83579e-01
    66    8.83555e-01
    67    8.83636e-01
    68    8.83827e-01
    69    8.84118e-01
    70    8.84141e-01
    71    8.84062e-01
    72    8.84091e-01
    73    8.84235e-01
    74    8.84474e-01
    75    8.84824e-01
    76    8.84416e-01
    77    8.83911e-01
    78    8.83838e-01
    79    8.83935e-01
    80    8.84143e-01
    81    8.84460e-01
    82    8.84440e-01
    83    8.83941e-01
    84    8.83558e-01
    85    8.83271e-01
    86    8.83091e-01
    87    8.83275e-01
    88    8.83553e-01
    89    8.83431e-01
    90    8.82932e-01
    91    8.82531e-01
    92    8.82225e-01
    93    8.82013e-01
    94    8.81894e-01
    95    8.81874e-01
    96    8.81954e-01
    97    8.81373e-01
    98    8.80897e-01
    99    8.80504e-01
   100    8.80202e-01
   101    8.79981e-01
   102    8.79858e-01
   103    8.79812e-01
   104    8.79852e-01
   105    8.79330e-01
   106    8.78790e-01
   107    8.78325e-01
   108    8.77926e-01
   109    8.77622e-01
   110    8.77391e-01
   111    8.77232e-01
   112    8.77165e-01
   113    8.77137e-01
   114    8.76588e-01
   115    8.76099e-01
   116    8.75701e-01
   117    8.75361e-01
   118    8.75099e-01
   119    8.74910e-01
   120    8.74634e-01
   121    8.74420e-01
   122    8.74280e-01
   123    8.73975e-01
   124    8.73466e-01
   125    8.73008e-01
   126    8.72620e-01
   127    8.72304e-01
   128    8.72034e-01
   129    8.71833e-01
   130    8.71701e-01
   131    8.71613e-01
   132    8.71593e-01
   133    8.71494e-01
   134    8.70911e-01
   135    8.70391e-01
   136    8.69934e-01
   137    8.69526e-01
   138    8.69167e-01
   139    8.68868e-01
   140    8.68616e-01
   141    8.68423e-01
   142    8.68276e-01
   143    8.68188e-01
   144    8.68144e-01
   145    8.67945e-01
   146    8.67735e-01
   147    8.67580e-01
   148    8.67363e-01
   149    8.66924e-01
   150    8.66524e-01
   151    8.66173e-01
   152    8.65872e-01
   153    8.65607e-01
   154    8.65391e-01
   155    8.65210e-01
   156    8.65077e-01
   157    8.64880e-01
   158    8.64669e-01
   159    8.64477e-01
   160    8.64344e-01
   161    8.64244e-01
   162    8.64190e-01
   163    8.64166e-01
   164    8.64188e-01
   165    8.64083e-01
   166    8.63752e-01
   167    8.63447e-01
   168    8.63165e-01
   169    8.62937e-01
   170    8.62700e-01
   171    8.62426e-01
   172    8.62188e-01
   173    8.61973e-01
   174    8.61794e-01
   175    8.61651e-01
   176    8.61544e-01
   177    8.61457e-01
   178    8.61405e-01
   179    8.61388e-01
   180    8.61389e-01
   181    8.61440e-01
   182    8.61510e-01
   183    8.61613e-01
   184    8.61486e-01
   185    8.61134e-01
   186    8.60803e-01
   187    8.60485e-01
   188    8.60194e-01
   189    8.59946e-01
   190    8.59709e-01
   191    8.59499e-01
   192    8.59315e-01
   193    8.59156e-01
   194    8.59007e-01
   195    8.58900e-01
   196    8.58818e-01
   197    8.58760e-01
   198    8.58727e-01
   199    8.58701e-01
   200    8.58696e-01
   201    8.58670e-01
   202    8.58666e-01
   203    8.58669e-01
   204    8.58712e-01
   205    8.58531e-01
   206    8.58212e-01
   207    8.57929e-01
   208    8.57647e-01
   209    8.57384e-01
   210    8.57156e-01
   211    8.56927e-01
   212    8.56734e-01
   213    8.56558e-01
   214    8.56398e-01
   215    8.56255e-01
   216    8.56128e-01
   217    8.56004e-01
   218    8.55820e-01
   219    8.55670e-01
   220    8.55534e-01
   221    8.55433e-01
   222    8.55327e-01
   223    8.55255e-01
   224    8.55197e-01
   225    8.55153e-01
   226    8.55123e-01
   227    8.55125e-01
   228    8.55066e-01
   229    8.54794e-01
   230    8.54534e-01
   231    8.54303e-01
   232    8.54082e-01
   233    8.53871e-01
   234    8.53689e-01
   235    8.53517e-01
   236    8.53232e-01
   237    8.52972e-01
   238    8.52722e-01
   239    8.52480e-01
   240    8.52267e-01
   241    8.52042e-01
   242    8.51865e-01
   243    8.51676e-01
   244    8.51535e-01
   245    8.51381e-01
   246    8.51254e-01
   247    8.51135e-01
   248    8.51043e-01
   249    8.50937e-01
   250    8.50879e-01
   251    8.50827e-01
   252    8.50781e-01
   253    8.50741e-01
   254    8.50688e-01
   255    8.50509e-01
   256    8.50177e-01
   257    8.49849e-01
   258    8.49546e-01
   259    8.49247e-01
   260    8.48950e-01
   261    8.48678e-01
   262    8.48431e-01
   263    8.48187e-01
   264    8.47945e-01
   265    8.47727e-01
   266    8.47511e-01
   267    8.47319e-01
   268    8.47151e-01
   269    8.46963e-01
   270    8.46820e-01
   271    8.46679e-01
   272    8.46539e-01
   273    8.46422e-01
   274    8.46306e-01
   275    8.46214e-01
   276    8.46121e-01
   277    8.45967e-01
   278    8.45723e-01
   279    8.45479e-01
   280    8.45234e-01
   281    8.45013e-01
   282    8.44814e-01
   283    8.44586e-01
   284    8.44283e-01
   285    8.43978e-01
   286    8.43694e-01
   287    8.43408e-01
   288    8.43143e-01
   289    8.42900e-01
   290    8.42653e-01
   291    8.42428e-01
   292    8.42224e-01
   293    8.42017e-01
   294    8.41806e-01
   295    8.41616e-01
   296    8.41447e-01
   297    8.41299e-01
   298    8.41147e-01
   299    8.41016e-01
   300    8.40880e-01
   301    8.40555e-01
   302    8.40247e-01
   303    8.39934e-01
   304    8.39641e-01
   305    8.39369e-01
   306    8.39091e-01
   307    8.38833e-01
   308    8.38595e-01
   309    8.38351e-01
   310    8.38127e-01
   311    8.37924e-01
   312    8.37714e-01
   313    8.37524e-01
   314    8.37327e-01
   315    8.37177e-01
   316    8.36880e-01
   317    8.36559e-01
   318    8.36284e-01
   319    8.36001e-01
   320    8.35709e-01
   321    8.35463e-01
   322    8.35208e-01
   323    8.34971e-01
   324    8.34726e-01
   325    8.34499e-01
   326    8.34186e-01
   327    8.33804e-01
   328    8.33413e-01
   329    8.33039e-01
   330    8.32683e-01
   331    8.32316e-01
   332    8.31968e-01
   333    8.31637e-01
   334    8.31325e-01
   335    8.31001e-01
   336    8.30695e-01
   337    8.30407e-01
   338    8.30108e-01
   339    8.29826e-01
   340    8.29562e-01
   341    8.29315e-01
   342    8.29057e-01
   343    8.28817e-01
   344    8.28593e-01
   345    8.28388e-01
   346    8.28170e-01
   347    8.27970e-01
   348    8.27787e-01
   349    8.27622e-01
   350    8.27444e-01
   351    8.27283e-01
   352    8.26926e-01
   353    8.26526e-01
   354    8.26056e-01
   355    8.25564e-01
   356    8.25088e-01
   357    8.24596e-01
   358    8.24150e-01
   359    8.23689e-01
   360    8.23243e-01
   361    8.22813e-01
   362    8.22366e-01
   363    8.21966e-01
   364    8.21550e-01
   365    8.21149e-01
   366    8.20731e-01
   367    8.20361e-01
   368    8.19973e-01
   369    8.19601e-01
   370    8.19244e-01
   371    8.18870e-01
   372    8.18542e-01
   373    8.18198e-01
   374    8.17869e-01
   375    8.17554e-01
   376    8.17222e-01
   377    8.16938e-01
   378    8.16636e-01
   379    8.16348e-01
   380    8.16076e-01
   381    8.15785e-01
   382    8.15543e-01
   383    8.15282e-01
   384    8.15014e-01
   385    8.14760e-01
   386    8.14488e-01
   387    8.14264e-01
   388    8.14022e-01
   389    8.13794e-01
   390    8.13581e-01
   391    8.13349e-01
   392    8.12910e-01
   393    8.12364e-01
   394    8.11831e-01
   395    8.11310e-01
   396    8.10802e-01
   397    8.10272e-01
   398    8.09789e-01
   399    8.09284e-01
   400    8.08791e-01
   401    8.08310e-01
   402    8.07842e-01
   403    8.07351e-01
   404    8.06908e-01
   405    8.06441e-01
   406    8.05987e-01
   407    8.05545e-01
   408    8.05080e-01
   409    8.04662e-01
   410    8.04221e-01
   411    8.03792e-01
   412    8.03375e-01
   413    8.02971e-01
   414    8.02578e-01
   415    8.02197e-01
   416    8.01841e-01
   417    8.01542e-01
   418    8.01255e-01
   419    8.00980e-01
   420    8.00718e-01
   421    8.00467e-01
   422    8.00192e-01
   423    7.99966e-01
   424    7.99715e-01
   425    7.99477e-01
   426    7.99250e-01
   427    7.98998e-01
   428    7.98796e-01
   429    7.98568e-01
   430    7.98390e-01
   431    7.98186e-01
   432    7.97995e-01
   433    7.97815e-01
   434    7.97648e-01
   435    7.97455e-01
   436    7.97300e-01
   437    7.96736e-01
   438    7.96183e-01
   439    7.95640e-01
   440    7.95106e-01
   441    7.94582e-01
   442    7.94068e-01
   443    7.93525e-01
   444    7.93030e-01
   445    7.92507e-01
   446    7.91993e-01
   447    7.91488e-01
   448    7.90993e-01
   449    7.90496e-01
   450    7.90005e-01
   451    7.89564e-01
   452    7.89243e-01
   453    7.88930e-01
   454    7.88616e-01
   455    7.88311e-01
   456    7.88008e-01
   457    7.87711e-01
   458    7.87419e-01
   459    7.87133e-01
   460    7.86849e-01
   461    7.86570e-01
   462    7.86297e-01
   463    7.86029e-01
   464    7.85762e-01
   465    7.85506e-01
   466    7.85250e-01
   467    7.84996e-01
   468    7.84751e-01
   469    7.84508e-01
   470    7.84274e-01
   471    7.84041e-01
   472    7.83814e-01
   473    7.83588e-01
   474    7.83371e-01
   475    7.83155e-01
   476    7.82949e-01
   477    7.82743e-01
   478    7.82543e-01
   479    7.82344e-01
   480    7.82154e-01
   481    7.81970e-01
   482    7.81786e-01
   483    7.81611e-01
   484    7.81438e-01
   485    7.81269e-01
   486    7.81035e-01
   487    7.80524e-01
   488    7.80015e-01
   489    7.79520e-01
   490    7.79170e-01
   491    7.78825e-01
   492    7.78478e-01
   493    7.78139e-01
   494    7.77804e-01
   495    7.77467e-01
   496    7.77139e-01
   497    7.76809e-01
   498    7.76487e-01
   499    7.76164e-01
   500    7.75843e-01
   501    7.75527e-01
   502    7.75217e-01
   503    7.74907e-01
   504    7.74599e-01
   505    7.74295e-01
   506    7.73993e-01
   507    7.73695e-01
   508    7.73404e-01
   509    7.73111e-01
   510    7.72822e-01
   511    7.72535e-01
   512    7.72251e-01
   513    7.71970e-01
   514    7.71692e-01
   515    7.71417e-01
   516    7.71144e-01
   517    7.70875e-01
   518    7.70607e-01
   519    7.70343e-01
   520    7.70081e-01
   521    7.69822e-01
   522    7.69565e-01
   523    7.69311e-01
   524    7.69060e-01
   525    7.68811e-01
   526    7.68565e-01
   527    7.68321e-01
   528    7.68084e-01
   529    7.67845e-01
   530    7.67608e-01
   531    7.67424e-01
   532    7.67281e-01
   533    7.67136e-01
   534    7.66998e-01
   535    7.66857e-01
   536    7.66724e-01
   537    7.66588e-01
   538    7.66459e-01
   539    7.66328e-01
   540    7.66204e-01
   541    7.66082e-01
   542    7.65805e-01
   543    7.65455e-01
   544    7.65107e-01
   545    7.64759e-01
   546    7.64413e-01
   547    7.64068e-01
   548    7.63724e-01
   549    7.63387e-01
   550    7.63045e-01
   551    7.62709e-01
   552    7.62370e-01
   553    7.62036e-01
   554    7.61704e-01
   555    7.61372e-01
   556    7.61042e-01
   557    7.60712e-01
   558    7.60383e-01
   559    7.60060e-01
   560    7.59733e-01
   561    7.59411e-01
   562    7.59091e-01
   563    7.58771e-01
   564    7.58452e-01
   565    7.58133e-01
   566    7.57821e-01
   567    7.57508e-01
   568    7.57197e-01
   569    7.56886e-01
   570    7.56576e-01
   571    7.56271e-01
   572    7.55961e-01
   573    7.55663e-01
   574    7.55360e-01
   575    7.55057e-01
   576    7.54764e-01
   577    7.54474e-01
   578    7.54184e-01
   579    7.53899e-01
   580    7.53615e-01
   581    7.53332e-01
   582    7.53048e-01
   583    7.52770e-01
   584    7.52492e-01
   585    7.52215e-01
   586    7.51943e-01
   587    7.51671e-01
   588    7.51399e-01
   589    7.51133e-01
   590    7.50867e-01
   591    7.50601e-01
   592    7.50340e-01
   593    7.50080e-01
   594    7.49825e-01
   595    7.49564e-01
   596    7.49315e-01
   597    7.49059e-01
   598    7.48809e-01
   599    7.48565e-01
   600    7.48321e-01
   601    7.48076e-01
   602    7.47837e-01
   603    7.47597e-01
   604    7.47263e-01
   605    7.46905e-01
   606    7.46545e-01
   607    7.46197e-01
   608    7.45842e-01
   609    7.45492e-01
   610    7.45147e-01
   611    7.44801e-01
   612    7.44454e-01
   613    7.44113e-01
   614    7.43776e-01
   615    7.43438e-01
   616    7.43100e-01
   617    7.42766e-01
   618    7.42437e-01
   619    7.42107e-01
   620    7.41782e-01
   621    7.41456e-01
   622    7.41135e-01
   623    7.40813e-01
   624    7.40496e-01
   625    7.40170e-01
   626    7.39835e-01
   627    7.39511e-01
   628    7.39185e-01
   629    7.38858e-01
   630    7.38536e-01
   631    7.38219e-01
   632    7.37900e-01
   633    7.37586e-01
   634    7.37271e-01
   635    7.36961e-01
   636    7.36649e-01
   637    7.36342e-01
   638    7.36034e-01
   639    7.35730e-01
   640    7.35425e-01
   641    7.35124e-01
   642    7.34822e-01
   643    7.34525e-01
   644    7.34232e-01
   645    7.33938e-01
   646    7.33642e-01
   647    7.33351e-01
   648    7.33064e-01
   649    7.32776e-01
   650    7.32493e-01
   651    7.32207e-01
   652    7.31927e-01
   653    7.31644e-01
   654    7.31367e-01
   655    7.31087e-01
   656    7.30812e-01
   657    7.30536e-01
   658    7.30263e-01
   659    7.29989e-01
   660    7.29720e-01
   661    7.29455e-01
   662    7.29188e-01
   663    7.28919e-01
   664    7.28655e-01
   665    7.28396e-01
   666    7.28134e-01
   667    7.27877e-01
   668    7.27617e-01
   669    7.27356e-01
   670    7.27106e-01
   671    7.26847e-01
   672    7.26599e-01
   673    7.26249e-01
   674    7.25895e-01
   675    7.25539e-01
   676    7.25180e-01
   677    7.24825e-01
   678    7.24495e-01
   679    7.24172e-01
   680    7.23853e-01
   681    7.23531e-01
   682    7.23207e-01
   683    7.22887e-01
   684    7.22571e-01
   685    7.22252e-01
   686    7.21937e-01
   687    7.21620e-01
   688    7.21306e-01
   689    7.20990e-01
   690    7.20677e-01
   691    7.20369e-01
   692    7.20058e-01
   693    7.19744e-01
   694    7.19434e-01
   695    7.19128e-01
   696    7.18818e-01
   697    7.18513e-01
   698    7.18212e-01
   699    7.17908e-01
   700    7.17601e-01
   701    7.17297e-01
   702    7.16998e-01
   703    7.16695e-01
   704    7.16397e-01
   705    7.16102e-01
   706    7.15804e-01
   707    7.15510e-01
   708    7.15213e-01
   709    7.14919e-01
   710    7.14623e-01
   711    7.14337e-01
   712    7.14041e-01
   713    7.13756e-01
   714    7.13467e-01
   715    7.13175e-01
   716    7.12887e-01
   717    7.12603e-01
   718    7.12316e-01
   719    7.12039e-01
   720    7.11752e-01
   721    7.11476e-01
   722    7.11189e-01
   723    7.10913e-01
   724    7.10634e-01
   725    7.10358e-01
   726    7.10086e-01
   727    7.09811e-01
   728    7.09539e-01
   729    7.09264e-01
   730    7.08992e-01
   731    7.08724e-01
   732    7.08453e-01
   733    7.08185e-01
   734    7.07921e-01
   735    7.07710e-01
   736    7.07548e-01
   737    7.07384e-01
   738    7.07230e-01
   739    7.07073e-01
   740    7.06919e-01
   741    7.06762e-01
   742    7.06609e-01
   743    7.06460e-01
   744    7.06314e-01
   745    7.06165e-01
   746    7.06020e-01
   747    7.05871e-01
   748    7.05733e-01
   749    7.05583e-01
   750    7.05274e-01
   751    7.04976e-01
   752    7.04674e-01
   753    7.04367e-01
   754    7.04071e-01
   755    7.03770e-01
   756    7.03473e-01
   757    7.03171e-01
   758    7.02881e-01
   759    7.02585e-01
   760    7.02286e-01
   761    7.01997e-01
   762    7.01703e-01
   763    7.01406e-01
   764    7.01119e-01
   765    7.00827e-01
   766    7.00539e-01
   767    7.00253e-01
   768    6.99963e-01
   769    6.99677e-01
   770    6.99393e-01
   771    6.99105e-01
   772    6.98827e-01
   773    6.98538e-01
   774    6.98259e-01
   775    6.97975e-01
   776    6.97702e-01
   777    6.97417e-01
   778    6.97143e-01
   779    6.96863e-01
   780    6.96587e-01
   781    6.96314e-01
   782    6.96036e-01
   783    6.95770e-01
   784    6.95498e-01
   785    6.95221e-01
   786    6.94956e-01
   787    6.94685e-01
   788    6.94417e-01
   789    6.94145e-01
   790    6.93883e-01
   791    6.93617e-01
   792    6.93346e-01
   793    6.93085e-01
   794    6.92820e-01
   795    6.92557e-01
   796    6.92298e-01
   797    6.92068e-01
   798    6.91944e-01
   799    6.91824e-01
   800    6.91708e-01
   801    6.91594e-01
   802    6.91476e-01
   803    6.91360e-01
   804    6.91248e-01
   805    6.91131e-01
   806    6.91025e-01
   807    6.90914e-01
   808    6.90806e-01
   809    6.90693e-01
   810    6.90592e-01
   811    6.90485e-01
   812    6.90382e-01
   813    6.90282e-01
   814    6.90176e-01
   815    6.90074e-01
   816    6.89975e-01
   817    6.89879e-01
   818    6.89778e-01
   819    6.89688e-01
   820    6.89593e-01
   821    6.89501e-01
   822    6.89404e-01
   823    6.89319e-01
   824    6.89228e-01
   825    6.89140e-01
   826    6.89047e-01
   827    6.88965e-01
   828    6.88879e-01
   829    6.88795e-01
   830    6.88714e-01
   831    6.88637e-01
   832    6.88554e-01
   833    6.88474e-01
   834    6.88398e-01
   835    6.88232e-01
   836    6.87957e-01
   837    6.87675e-01
   838    6.87396e-01
   839    6.87119e-01
   840    6.86845e-01
   841    6.86564e-01
   842    6.86286e-01
   843    6.86011e-01
   844    6.85738e-01
   845    6.85467e-01
   846    6.85190e-01
   847    6.84925e-01
   848    6.84653e-01
   849    6.84383e-01
   850    6.84107e-01
   851    6.83843e-01
   852    6.83572e-01
   853    6.83303e-01
   854    6.83037e-01
   855    6.82773e-01
   856    6.82503e-01
   857    6.82235e-01
   858    6.81969e-01
   859    6.81706e-01
   860    6.81446e-01
   861    6.81179e-01
   862    6.80923e-01
   863    6.80660e-01
   864    6.80400e-01
   865    6.80214e-01
   866    6.80064e-01
   867    6.79926e-01
   868    6.79782e-01
   869    6.79640e-01
   870    6.79501e-01
   871    6.79355e-01
   872    6.79220e-01
   873    6.79079e-01
   874    6.78940e-01
   875    6.78804e-01
   876    6.78670e-01
   877    6.78530e-01
   878    6.78401e-01
   879    6.78266e-01
   880    6.78133e-01
   881    6.78002e-01
   882    6.77874e-01
   883    6.77739e-01
   884    6.77616e-01
   885    6.77486e-01
   886    6.77358e-01
   887    6.77233e-01
   888    6.77101e-01
   889    6.76980e-01
   890    6.76853e-01
   891    6.76728e-01
   892    6.76606e-01
   893    6.76486e-01
   894    6.76368e-01
   895    6.76244e-01
   896    6.76122e-01
   897    6.76002e-01
   898    6.75885e-01
   899    6.75770e-01
   900    6.75657e-01
   901    6.75537e-01
   902    6.75430e-01
   903    6.75315e-01
   904    6.75203e-01
   905    6.75093e-01
   906    6.74975e-01
   907    6.74870e-01
   908    6.74758e-01
   909    6.74647e-01
   910    6.74540e-01
   911    6.74434e-01
   912    6.74332e-01
   913    6.74221e-01
   914    6.74123e-01
   915    6.74018e-01
   916    6.73915e-01
   917    6.73814e-01
   918    6.73716e-01
   919    6.73610e-01
   920    6.73516e-01
   921    6.73415e-01
   922    6.73316e-01
   923    6.73220e-01
   924    6.73126e-01
   925    6.73035e-01
   926    6.72935e-01
   927    6.72849e-01
   928    6.72754e-01
   929    6.72662e-01
   930    6.72562e-01
   931    6.72293e-01
   932    6.72016e-01
   933    6.71752e-01
   934    6.71479e-01
   935    6.71208e-01
   936    6.70939e-01
   937    6.70671e-01
   938    6.70422e-01
   939    6.70208e-01
   940    6.69985e-01
   941    6.69775e-01
   942    6.69557e-01
   943    6.69340e-01
   944    6.69125e-01
   945    6.68913e-01
   946    6.68692e-01
   947    6.68483e-01
   948    6.68265e-01
   949    6.68050e-01
   950    6.67837e-01
   951    6.67625e-01
   952    6.67415e-01
   953    6.67208e-01
   954    6.66992e-01
   955    6.66788e-01
   956    6.66575e-01
   957    6.66365e-01
   958    6.66156e-01
   959    6.65949e-01
   960    6.65744e-01
   961    6.65531e-01
   962    6.65330e-01
   963    6.65120e-01
   964    6.64912e-01
   965    6.64706e-01
   966    6.64502e-01
   967    6.64300e-01
   968    6.64099e-01
   969    6.63890e-01
   970    6.63693e-01
   971    6.63488e-01
   972    6.63284e-01
   973    6.63082e-01
   974    6.62882e-01
   975    6.62684e-01
   976    6.62477e-01
   977    6.62282e-01
   978    6.62079e-01
   979    6.61877e-01
   980    6.61677e-01
   981    6.61479e-01
   982    6.61283e-01
   983    6.61089e-01
   984    6.60896e-01
   985    6.60695e-01
   986    6.60495e-01
   987    6.60308e-01
   988    6.60112e-01
   989    6.59917e-01
   990    6.59725e-01
   991    6.59523e-01
   992    6.59334e-01
   993    6.59147e-01
   994    6.58950e-01
   995    6.58756e-01
   996    6.58563e-01
   997    6.58372e-01
   998    6.58182e-01
   999    6.57995e-01
  1000    6.57809e-01
  1001    6.57614e-01
  1002    6.57432e-01
  1003    6.57240e-01
  1004    6.57050e-01
  1005    6.56862e-01
  1006    6.56675e-01
  1007    6.56491e-01
  1008    6.56308e-01
  1009    6.56116e-01
  1010    6.55936e-01
  1011    6.55747e-01
  1012    6.55571e-01
  1013    6.55386e-01
  1014    6.55202e-01
  1015    6.55020e-01
  1016    6.54840e-01
  1017    6.54650e-01
  1018    6.54466e-01
  1019    6.54271e-01
  1020    6.54088e-01
  1021    6.53896e-01
  1022    6.53706e-01
  1023    6.53517e-01
  1024    6.53330e-01
  1025    6.53145e-01
  1026    6.52961e-01
  1027    6.52768e-01
  1028    6.52588e-01
  1029    6.52398e-01
  1030    6.52209e-01
  1031    6.52022e-01
  1032    6.51849e-01
  1033    6.51654e-01
  1034    6.51472e-01
  1035    6.51293e-01
  1036    6.51114e-01
  1037    6.50830e-01
  1038    6.50534e-01
  1039    6.50229e-01
  1040    6.49925e-01
  1041    6.49622e-01
  1042    6.49321e-01
  1043    6.49021e-01
  1044    6.48723e-01
  1045    6.48414e-01
  1046    6.48118e-01
  1047    6.47813e-01
  1048    6.47520e-01
  1049    6.47217e-01
  1050    6.46916e-01
  1051    6.46616e-01
  1052    6.46317e-01
  1053    6.46020e-01
  1054    6.45724e-01
  1055    6.45418e-01
  1056    6.45125e-01
  1057    6.44822e-01
  1058    6.44532e-01
  1059    6.44231e-01
  1060    6.43932e-01
  1061    6.43634e-01
  1062    6.43338e-01
  1063    6.43043e-01
  1064    6.42749e-01
  1065    6.42445e-01
  1066    6.42154e-01
  1067    6.41853e-01
  1068    6.41565e-01
  1069    6.41266e-01
  1070    6.40969e-01
  1071    6.40673e-01
  1072    6.40378e-01
  1073    6.40085e-01
  1074    6.39793e-01
  1075    6.39490e-01
  1076    6.39201e-01
  1077    6.38901e-01
  1078    6.38614e-01
  1079    6.38317e-01
  1080    6.38021e-01
  1081    6.37726e-01
  1082    6.37433e-01
  1083    6.37141e-01
  1084    6.36850e-01
  1085    6.36561e-01
  1086    6.36261e-01
  1087    6.35974e-01
  1088    6.35677e-01
  1089    6.35393e-01
  1090    6.35098e-01
  1091    6.34804e-01
  1092    6.34511e-01
  1093    6.34220e-01
  1094    6.33930e-01
  1095    6.33642e-01
  1096    6.33355e-01
  1097    6.33056e-01
  1098    6.32772e-01
  1099    6.32476e-01
  1100    6.32194e-01
  1101    6.31901e-01
  1102    6.31609e-01
  1103    6.31318e-01
  1104    6.31019e-01
  1105    6.30712e-01
  1106    6.30406e-01
  1107    6.30102e-01
  1108    6.29786e-01
  1109    6.29483e-01
  1110    6.29170e-01
  1111    6.28870e-01
  1112    6.28559e-01
  1113    6.28249e-01
  1114    6.27941e-01
  1115    6.27634e-01
  1116    6.27327e-01
  1117    6.27023e-01
  1118    6.26719e-01
  1119    6.26417e-01
  1120    6.26103e-01
  1121    6.25803e-01
  1122    6.25491e-01
  1123    6.25193e-01
  1124    6.24884e-01
  1125    6.24576e-01
  1126    6.24270e-01
  1127    6.23964e-01
  1128    6.23660e-01
  1129    6.23357e-01
  1130    6.23055e-01
  1131    6.22754e-01
  1132    6.22441e-01
  1133    6.22143e-01
  1134    6.21833e-01
  1135    6.21537e-01
  1136    6.21229e-01
  1137    6.20922e-01
  1138    6.20617e-01
  1139    6.20313e-01
  1140    6.20009e-01
  1141    6.19707e-01
  1142    6.19407e-01
  1143    6.19107e-01
  1144    6.18795e-01
  1145    6.18498e-01
  1146    6.18202e-01
  1147    6.17894e-01
  1148    6.17587e-01
  1149    6.17294e-01
  1150    6.16989e-01
  1151    6.16686e-01
  1152    6.16383e-01
  1153    6.16082e-01
  1154    6.15782e-01
  1155    6.15461e-01
  1156    6.15075e-01
  1157    6.14703e-01
  1158    6.14333e-01
  1159    6.13950e-01
  1160    6.13569e-01
  1161    6.13202e-01
  1162    6.12822e-01
  1163    6.12444e-01
  1164    6.12066e-01
  1165    6.11690e-01
  1166    6.11315e-01
  1167    6.10940e-01
  1168    6.10567e-01
  1169    6.10195e-01
  1170    6.09824e-01
  1171    6.09440e-01
  1172    6.09071e-01
  1173    6.08689e-01
  1174    6.08322e-01
  1175    6.07943e-01
  1176    6.07564e-01
  1177    6.07187e-01
  1178    6.06810e-01
  1179    6.06435e-01
  1180    6.06060e-01
  1181    6.05686e-01
  1182    6.05314e-01
  1183    6.04942e-01
  1184    6.04572e-01
  1185    6.04188e-01
  1186    6.03820e-01
  1187    6.03439e-01
  1188    6.03072e-01
  1189    6.02693e-01
  1190    6.02314e-01
  1191    6.01937e-01
  1192    6.01560e-01
  1193    6.01185e-01
  1194    6.00810e-01
  1195    6.00437e-01
  1196    6.00064e-01
  1197    5.99693e-01
  1198    5.99353e-01
  1199    5.99000e-01
  1200    5.98662e-01
  1201    5.98311e-01
  1202    5.97975e-01
  1203    5.97626e-01
  1204    5.97278e-01
  1205    5.96944e-01
  1206    5.96598e-01
  1207    5.96253e-01
  1208    5.95909e-01
  1209    5.95565e-01
  1210    5.95223e-01
  1211    5.94882e-01
  1212    5.94527e-01
  1213    5.94188e-01
  1214    5.93849e-01
  1215    5.93498e-01
  1216    5.93161e-01
  1217    5.92811e-01
  1218    5.92476e-01
  1219    5.92128e-01
  1220    5.91781e-01
  1221    5.91449e-01
  1222    5.91104e-01
  1223    5.90760e-01
  1224    5.90416e-01
  1225    5.90074e-01
  1226    5.89732e-01
  1227    5.89377e-01
  1228    5.89038e-01
  1229    5.88699e-01
  1230    5.88347e-01
  1231    5.88010e-01
  1232    5.87674e-01
  1233    5.87324e-01
  1234    5.86976e-01
  1235    5.86642e-01
  1236    5.86295e-01
  1237    5.85949e-01
  1238    5.85604e-01
  1239    5.85260e-01
  1240    5.84917e-01
  1241    5.84575e-01
  1242    5.84233e-01
  1243    5.83892e-01
  1244    5.83553e-01
  1245    5.83214e-01
  1246    5.82861e-01
  1247    5.82524e-01
  1248    5.82173e-01
  1249    5.81838e-01
  1250    5.81489e-01
  1251    5.81155e-01
  1252    5.80808e-01
  1253    5.80462e-01
  1254    5.80130e-01
  1255    5.79786e-01
  1256    5.79442e-01
  1257    5.79099e-01
  1258    5.78756e-01
  1259    5.78415e-01
  1260    5.78074e-01
  1261    5.77720e-01
  1262    5.77381e-01
  1263    5.77043e-01
  1264    5.76691e-01
  1265    5.76355e-01
  1266    5.76019e-01
  1267    5.75670e-01
  1268    5.75322e-01
  1269    5.74988e-01
  1270    5.74642e-01
  1271    5.74295e-01
  1272    5.73965e-01
  1273    5.73620e-01
  1274    5.73277e-01
  1275    5.72934e-01
  1276    5.72592e-01
  1277    5.72250e-01
  1278    5.71910e-01
  1279    5.71555e-01
  1280    5.71217e-01
  1281    5.70878e-01
  1282    5.70541e-01
  1283    5.70190e-01
  1284    5.69854e-01
  1285    5.69504e-01
  1286    5.69170e-01
  1287    5.68797e-01
  1288    5.68388e-01
  1289    5.67994e-01
  1290    5.67587e-01
  1291    5.67180e-01
  1292    5.66773e-01
  1293    5.66368e-01
  1294    5.65963e-01
  1295    5.65559e-01
  1296    5.65156e-01
  1297    5.64753e-01
  1298    5.64351e-01
  1299    5.63997e-01
  1300    5.63692e-01
  1301    5.63372e-01
  1302    5.63068e-01
  1303    5.62765e-01
  1304    5.62448e-01
  1305    5.62146e-01
  1306    5.61831e-01
  1307    5.61516e-01
  1308    5.61216e-01
  1309    5.60903e-01
  1310    5.60590e-01
  1311    5.60293e-01
  1312    5.59982e-01
  1313    5.59671e-01
  1314    5.59361e-01
  1315    5.59052e-01
  1316    5.58744e-01
  1317    5.58437e-01
  1318    5.58130e-01
  1319    5.57809e-01
  1320    5.57503e-01
  1321    5.57199e-01
  1322    5.56895e-01
  1323    5.56577e-01
  1324    5.56274e-01
  1325    5.55957e-01
  1326    5.55656e-01
  1327    5.55341e-01
  1328    5.55042e-01
  1329    5.54728e-01
  1330    5.54415e-01
  1331    5.54117e-01
  1332    5.53805e-01
  1333    5.53494e-01
  1334    5.53184e-01
  1335    5.52874e-01
  1336    5.52566e-01
  1337    5.52257e-01
  1338    5.51950e-01
  1339    5.51643e-01
  1340    5.51337e-01
  1341    5.51031e-01
  1342    5.50711e-01
  1343    5.50407e-01
  1344    5.50104e-01
  1345    5.49786e-01
  1346    5.49484e-01
  1347    5.49183e-01
  1348    5.48867e-01
  1349    5.48567e-01
  1350    5.48253e-01
  1351    5.47939e-01
  1352    5.47641e-01
  1353    5.47329e-01
  1354    5.47017e-01
  1355    5.46706e-01
  1356    5.46411e-01
  1357    5.46101e-01
  1358    5.45792e-01
  1359    5.45483e-01
  1360    5.45175e-01
  1361    5.44868e-01
  1362    5.44562e-01
  1363    5.44240e-01
  1364    5.43935e-01
  1365    5.43631e-01
  1366    5.43327e-01
  1367    5.43008e-01
  1368    5.42706e-01
  1369    5.42404e-01
  1370    5.42087e-01
  1371    5.41786e-01
  1372    5.41471e-01
  1373    5.41172e-01
  1374    5.40858e-01
  1375    5.40560e-01
  1376    5.40247e-01
  1377    5.39934e-01
  1378    5.39623e-01
  1379    5.39327e-01
  1380    5.39017e-01
  1381    5.38707e-01
  1382    5.38398e-01
  1383    5.38090e-01
  1384    5.37782e-01
  1385    5.37475e-01
  1386    5.37168e-01
  1387    5.36862e-01
  1388    5.36557e-01
  1389    5.36252e-01
  1390    5.35932e-01
  1391    5.35629e-01
  1392    5.35326e-01
  1393    5.35008e-01
  1394    5.34706e-01
  1395    5.34405e-01
  1396    5.34089e-01
  1397    5.33789e-01
  1398    5.33474e-01
  1399    5.33176e-01
  1400    5.32862e-01
  1401    5.32548e-01
  1402    5.32252e-01
  1403    5.31940e-01
  1404    5.31628e-01
  1405    5.31317e-01
  1406    5.31023e-01
  1407    5.30714e-01
  1408    5.30405e-01
  1409    5.30134e-01
  1410    5.29950e-01
  1411    5.29768e-01
  1412    5.29587e-01
  1413    5.29406e-01
  1414    5.29225e-01
  1415    5.29046e-01
  1416    5.28850e-01
  1417    5.28672e-01
  1418    5.28495e-01
  1419    5.28318e-01
  1420    5.28125e-01
  1421    5.27949e-01
  1422    5.27758e-01
  1423    5.27584e-01
  1424    5.27410e-01
  1425    5.27221e-01
  1426    5.27033e-01
  1427    5.26861e-01
  1428    5.26674e-01
  1429    5.26503e-01
  1430    5.26317e-01
  1431    5.26132e-01
  1432    5.25947e-01
  1433    5.25780e-01
  1434    5.25578e-01
  1435    5.25336e-01
  1436    5.25095e-01
  1437    5.24853e-01
  1438    5.24613e-01
  1439    5.24373e-01
  1440    5.24134e-01
  1441    5.23895e-01
  1442    5.23657e-01
  1443    5.23420e-01
  1444    5.23183e-01
  1445    5.22946e-01
  1446    5.22694e-01
  1447    5.22459e-01
  1448    5.22225e-01
  1449    5.21991e-01
  1450    5.21741e-01
  1451    5.21508e-01
  1452    5.21259e-01
  1453    5.21028e-01
  1454    5.20780e-01
  1455    5.20550e-01
  1456    5.20303e-01
  1457    5.20074e-01
  1458    5.19829e-01
  1459    5.19601e-01
  1460    5.19357e-01
  1461    5.19113e-01
  1462    5.18870e-01
  1463    5.18644e-01
  1464    5.18402e-01
  1465    5.18161e-01
  1466    5.17920e-01
  1467    5.17680e-01
  1468    5.17441e-01
  1469    5.17202e-01
  1470    5.16963e-01
  1471    5.16725e-01
  1472    5.16488e-01
  1473    5.16251e-01
  1474    5.16015e-01
  1475    5.15779e-01
  1476    5.15544e-01
  1477    5.15310e-01
  1478    5.15059e-01
  1479    5.14825e-01
  1480    5.14592e-01
  1481    5.14343e-01
  1482    5.14111e-01
  1483    5.13880e-01
  1484    5.13632e-01
  1485    5.13402e-01
  1486    5.13156e-01
  1487    5.12927e-01
  1488    5.12681e-01
  1489    5.12454e-01
  1490    5.12209e-01
  1491    5.11965e-01
  1492    5.11739e-01
  1493    5.11496e-01
  1494    5.11254e-01
  1495    5.11029e-01
  1496    5.10788e-01
  1497    5.10548e-01
  1498    5.10307e-01
  1499    5.10068e-01
  1500    5.09829e-01
  1501    5.09590e-01
  1502    5.09352e-01
  1503    5.09115e-01
  1504    5.08878e-01
  1505    5.08642e-01
  1506    5.08406e-01
  1507    5.08170e-01
  1508    5.07935e-01
  1509    5.07701e-01
  1510    5.07467e-01
  1511    5.07234e-01
  1512    5.06984e-01
  1513    5.06752e-01
  1514    5.06520e-01
  1515    5.06272e-01
  1516    5.06041e-01
  1517    5.05811e-01
  1518    5.05564e-01
  1519    5.05335e-01
  1520    5.05089e-01
  1521    5.04861e-01
  1522    5.04616e-01
  1523    5.04389e-01
  1524    5.04145e-01
  1525    5.03919e-01
  1526    5.03676e-01
  1527    5.03433e-01
  1528    5.03209e-01
  1529    5.03062e-01
  1530    5.02927e-01
  1531    5.02792e-01
  1532    5.02675e-01
  1533    5.02542e-01
  1534    5.02408e-01
  1535    5.02276e-01
  1536    5.02144e-01
  1537    5.02012e-01
  1538    5.01881e-01
  1539    5.01751e-01
  1540    5.01621e-01
  1541    5.01491e-01
  1542    5.01363e-01
  1543    5.01234e-01
  1544    5.01107e-01
  1545    5.00979e-01
  1546    5.00835e-01
  1547    5.00709e-01
  1548    5.00583e-01
  1549    5.00458e-01
  1550    5.00334e-01
  1551    5.00192e-01
  1552    5.00069e-01
  1553    4.99946e-01
  1554    4.99806e-01
  1555    4.99684e-01
  1556    4.99545e-01
  1557    4.99425e-01
  1558    4.99287e-01
  1559    4.99167e-01
  1560    4.99030e-01
  1561    4.98911e-01
  1562    4.98776e-01
  1563    4.98658e-01
  1564    4.98523e-01
  1565    4.98389e-01
  1566    4.98273e-01
  1567    4.98140e-01
  1568    4.98007e-01
  1569    4.97875e-01
  1570    4.97761e-01
  1571    4.97630e-01
  1572    4.97499e-01
  1573    4.97369e-01
  1574    4.97239e-01
  1575    4.97110e-01
  1576    4.96981e-01
  1577    4.96853e-01
  1578    4.96726e-01
  1579    4.96599e-01
  1580    4.96472e-01
  1581    4.96346e-01
  1582    4.96221e-01
  1583    4.96096e-01
  1584    4.95971e-01
  1585    4.95847e-01
  1586    4.95724e-01
  1587    4.95582e-01
  1588    4.95460e-01
  1589    4.95338e-01
  1590    4.95217e-01
  1591    4.95077e-01
  1592    4.94957e-01
  1593    4.94837e-01
  1594    4.94699e-01
  1595    4.94581e-01
  1596    4.94444e-01
  1597    4.94326e-01
  1598    4.94164e-01
  1599    4.93995e-01
  1600    4.93808e-01
  1601    4.93640e-01
  1602    4.93454e-01
  1603    4.93287e-01
  1604    4.93101e-01
  1605    4.92917e-01
  1606    4.92751e-01
  1607    4.92567e-01
  1608    4.92384e-01
  1609    4.92220e-01
  1610    4.92037e-01
  1611    4.91855e-01
  1612    4.91674e-01
  1613    4.91511e-01
  1614    4.91331e-01
  1615    4.91150e-01
  1616    4.90971e-01
  1617    4.90792e-01
  1618    4.90613e-01
  1619    4.90434e-01
  1620    4.90257e-01
  1621    4.90079e-01
  1622    4.89902e-01
  1623    4.89726e-01
  1624    4.89550e-01
  1625    4.89374e-01
  1626    4.89199e-01
  1627    4.89024e-01
  1628    4.88850e-01
  1629    4.88657e-01
  1630    4.88484e-01
  1631    4.88311e-01
  1632    4.88138e-01
  1633    4.87947e-01
  1634    4.87776e-01
  1635    4.87605e-01
  1636    4.87415e-01
  1637    4.87245e-01
  1638    4.87075e-01
  1639    4.86887e-01
  1640    4.86718e-01
  1641    4.86530e-01
  1642    4.86362e-01
  1643    4.86176e-01
  1644    4.86009e-01
  1645    4.85823e-01
  1646    4.85657e-01
  1647    4.85472e-01
  1648    4.85307e-01
  1649    4.85122e-01
  1650    4.84939e-01
  1651    4.84775e-01
  1652    4.84592e-01
  1653    4.84410e-01
  1654    4.84247e-01
  1655    4.84065e-01
  1656    4.83884e-01
  1657    4.83704e-01
  1658    4.83558e-01
  1659    4.83427e-01
  1660    4.83298e-01
  1661    4.83168e-01
  1662    4.83039e-01
  1663    4.82911e-01
  1664    4.82783e-01
  1665    4.82655e-01
  1666    4.82528e-01
  1667    4.82401e-01
  1668    4.82275e-01
  1669    4.82149e-01
  1670    4.82024e-01
  1671    4.81899e-01
  1672    4.81774e-01
  1673    4.81650e-01
  1674    4.81526e-01
  1675    4.81403e-01
  1676    4.81261e-01
  1677    4.81138e-01
  1678    4.81016e-01
  1679    4.80895e-01
  1680    4.80754e-01
  1681    4.80634e-01
  1682    4.80514e-01
  1683    4.80394e-01
  1684    4.80255e-01
  1685    4.80136e-01
  1686    4.79998e-01
  1687    4.79880e-01
  1688    4.79762e-01
  1689    4.79625e-01
  1690    4.79509e-01
  1691    4.79372e-01
  1692    4.79257e-01
  1693    4.79121e-01
  1694    4.79006e-01
  1695    4.78872e-01
  1696    4.78758e-01
  1697    4.78624e-01
  1698    4.78491e-01
  1699    4.78378e-01
  1700    4.78246e-01
  1701    4.78114e-01
  1702    4.78003e-01
  1703    4.77871e-01
  1704    4.77741e-01
  1705    4.77611e-01
  1706    4.77501e-01
  1707    4.77371e-01
  1708    4.77242e-01
  1709    4.77114e-01
  1710    4.76985e-01
  1711    4.76878e-01
  1712    4.76750e-01
  1713    4.76623e-01
  1714    4.76497e-01
  1715    4.76371e-01
  1716    4.76245e-01
  1717    4.76120e-01
  1718    4.75995e-01
  1719    4.75870e-01
  1720    4.75746e-01
  1721    4.75622e-01
  1722    4.75499e-01
  1723    4.75376e-01
  1724    4.75254e-01
  1725    4.75111e-01
  1726    4.74990e-01
  1727    4.74868e-01
  1728    4.74748e-01
  1729    4.74627e-01
  1730    4.74487e-01
  1731    4.74367e-01
  1732    4.74248e-01
  1733    4.74129e-01
  1734    4.73990e-01
  1735    4.73872e-01
  1736    4.73755e-01
  1737    4.73617e-01
  1738    4.73500e-01
  1739    4.73384e-01
  1740    4.73247e-01
  1741    4.73131e-01
  1742    4.72996e-01
  1743    4.72881e-01
  1744    4.72746e-01
  1745    4.72632e-01
  1746    4.72498e-01
  1747    4.72384e-01
  1748    4.72251e-01
  1749    4.72139e-01
  1750    4.72006e-01
  1751    4.71894e-01
  1752    4.71762e-01
  1753    4.71631e-01
  1754    4.71520e-01
  1755    4.71390e-01
  1756    4.71259e-01
  1757    4.71150e-01
  1758    4.71020e-01
  1759    4.70891e-01
  1760    4.70762e-01
  1761    4.70655e-01
  1762    4.70527e-01
  1763    4.70399e-01
  1764    4.70272e-01
  1765    4.70145e-01
  1766    4.70039e-01
  1767    4.69913e-01
  1768    4.69787e-01
  1769    4.69662e-01
  1770    4.69537e-01
  1771    4.69412e-01
  1772    4.69288e-01
  1773    4.69164e-01
  1774    4.69040e-01
  1775    4.68917e-01
  1776    4.68794e-01
  1777    4.68672e-01
  1778    4.68550e-01
  1779    4.68428e-01
  1780    4.68307e-01
  1781    4.68151e-01
  1782    4.67992e-01
  1783    4.67834e-01
  1784    4.67654e-01
  1785    4.67496e-01
  1786    4.67339e-01
  1787    4.67182e-01
  1788    4.67025e-01
  1789    4.66847e-01
  1790    4.66691e-01
  1791    4.66535e-01
  1792    4.66380e-01
  1793    4.66204e-01
  1794    4.66049e-01
  1795    4.65895e-01
  1796    4.65720e-01
  1797    4.65566e-01
  1798    4.65413e-01
  1799    4.65235e-01
  1800    4.65078e-01
  1801    4.64900e-01
  1802    4.64743e-01
  1803    4.64566e-01
  1804    4.64410e-01
  1805    4.64233e-01
  1806    4.64078e-01
  1807    4.63902e-01
  1808    4.63747e-01
  1809    4.63572e-01
  1810    4.63418e-01
  1811    4.63243e-01
  1812    4.63090e-01
  1813    4.62916e-01
  1814    4.62742e-01
  1815    4.62590e-01
  1816    4.62417e-01
  1817    4.62244e-01
  1818    4.62093e-01
  1819    4.61921e-01
  1820    4.61749e-01
  1821    4.61599e-01
  1822    4.61428e-01
  1823    4.61257e-01
  1824    4.61087e-01
  1825    4.60917e-01
  1826    4.60768e-01
  1827    4.60599e-01
  1828    4.60430e-01
  1829    4.60261e-01
  1830    4.60092e-01
  1831    4.59924e-01
  1832    4.59756e-01
  1833    4.59611e-01
  1834    4.59443e-01
  1835    4.59276e-01
  1836    4.59110e-01
  1837    4.58944e-01
  1838    4.58778e-01
  1839    4.58612e-01
  1840    4.58447e-01
  1841    4.58282e-01
  1842    4.58117e-01
  1843    4.57953e-01
  1844    4.57767e-01
  1845    4.57603e-01
  1846    4.57440e-01
  1847    4.57277e-01
  1848    4.57115e-01
  1849    4.56952e-01
  1850    4.56790e-01
  1851    4.56629e-01
  1852    4.56445e-01
  1853    4.56284e-01
  1854    4.56123e-01
  1855    4.55963e-01
  1856    4.55781e-01
  1857    4.55621e-01
  1858    4.55462e-01
  1859    4.55303e-01
  1860    4.55121e-01
  1861    4.54963e-01
  1862    4.54805e-01
  1863    4.54625e-01
  1864    4.54467e-01
  1865    4.54310e-01
  1866    4.54131e-01
  1867    4.53974e-01
  1868    4.53796e-01
  1869    4.53640e-01
  1870    4.53484e-01
  1871    4.53307e-01
  1872    4.53152e-01
  1873    4.52975e-01
  1874    4.52821e-01
  1875    4.52644e-01
  1876    4.52490e-01
  1877    4.52315e-01
  1878    4.52162e-01
  1879    4.51986e-01
  1880    4.51811e-01
  1881    4.51657e-01
  1882    4.51492e-01
  1883    4.51327e-01
  1884    4.51160e-01
  1885    4.50996e-01
  1886    4.50829e-01
  1887    4.50665e-01
  1888    4.50500e-01
  1889    4.50334e-01
  1890    4.50169e-01
  1891    4.50004e-01
  1892    4.49840e-01
  1893    4.49673e-01
  1894    4.49509e-01
  1895    4.49344e-01
  1896    4.49178e-01
  1897    4.49013e-01
  1898    4.48848e-01
  1899    4.48683e-01
  1900    4.48519e-01
  1901    4.48352e-01
  1902    4.48186e-01
  1903    4.48023e-01
  1904    4.47857e-01
  1905    4.47692e-01
  1906    4.47527e-01
  1907    4.47363e-01
  1908    4.47196e-01
  1909    4.47032e-01
  1910    4.46866e-01
  1911    4.46700e-01
  1912    4.46537e-01
  1913    4.46372e-01
  1914    4.46207e-01
  1915    4.46040e-01
  1916    4.45876e-01
  1917    4.45712e-01
  1918    4.45546e-01
  1919    4.45381e-01
  1920    4.45215e-01
  1921    4.45050e-01
  1922    4.44885e-01
  1923    4.44721e-01
  1924    4.44557e-01
  1925    4.44390e-01
  1926    4.44227e-01
  1927    4.44061e-01
  1928    4.43896e-01
  1929    4.43730e-01
  1930    4.43566e-01
  1931    4.43401e-01
  1932    4.43237e-01
  1933    4.43070e-01
  1934    4.42907e-01
  1935    4.42741e-01
  1936    4.42576e-01
  1937    4.42410e-01
  1938    4.42245e-01
  1939    4.42081e-01
  1940    4.41917e-01
  1941    4.41752e-01
  1942    4.41586e-01
  1943    4.41423e-01
  1944    4.41257e-01
  1945    4.41092e-01
  1946    4.40927e-01
  1947    4.40762e-01
  1948    4.40598e-01
  1949    4.40434e-01
  1950    4.40267e-01
  1951    4.40099e-01
  1952    4.39911e-01
  1953    4.39723e-01
  1954    4.39535e-01
  1955    4.39348e-01
  1956    4.39161e-01
  1957    4.38974e-01
  1958    4.38787e-01
  1959    4.38598e-01
  1960    4.38412e-01
  1961    4.38224e-01
  1962    4.38036e-01
  1963    4.37848e-01
  1964    4.37661e-01
  1965    4.37473e-01
  1966    4.37286e-01
  1967    4.37097e-01
  1968    4.36911e-01
  1969    4.36723e-01
  1970    4.36537e-01
  1971    4.36349e-01
  1972    4.36161e-01
  1973    4.35973e-01
  1974    4.35786e-01
  1975    4.35597e-01
  1976    4.35410e-01
  1977    4.35224e-01
  1978    4.35035e-01
  1979    4.34847e-01
  1980    4.34661e-01
  1981    4.34473e-01
  1982    4.34286e-01
  1983    4.34098e-01
  1984    4.33899e-01
  1985    4.33687e-01
  1986    4.33475e-01
  1987    4.33262e-01
  1988    4.33048e-01
  1989    4.32837e-01
  1990    4.32624e-01
  1991    4.32412e-01
  1992    4.32199e-01
  1993    4.31985e-01
  1994    4.31773e-01
  1995    4.31561e-01
  1996    4.31347e-01
  1997    4.31134e-01
  1998    4.30923e-01
  1999    4.30710e-01
  2000    4.30497e-01
  2001    4.30284e-01
  2002    4.30072e-01
  2003    4.29860e-01
  2004    4.29645e-01
  2005    4.29434e-01
  2006    4.29220e-01
  2007    4.29007e-01
  2008    4.28796e-01
  2009    4.28583e-01
  2010    4.28370e-01
  2011    4.28158e-01
  2012    4.27945e-01
  2013    4.27731e-01
  2014    4.27519e-01
  2015    4.27305e-01
  2016    4.27094e-01
  2017    4.26880e-01
  2018    4.26667e-01
  2019    4.26454e-01
  2020    4.26241e-01
  2021    4.26029e-01
  2022    4.25817e-01
  2023    4.25605e-01
  2024    4.25390e-01
  2025    4.25179e-01
  2026    4.24965e-01
  2027    4.24754e-01
  2028    4.24541e-01
  2029    4.24328e-01
  2030    4.24115e-01
  2031    4.23902e-01
  2032    4.23690e-01
  2033    4.23476e-01
  2034    4.23264e-01
  2035    4.23050e-01
  2036    4.22838e-01
  2037    4.22625e-01
  2038    4.22412e-01
  2039    4.22199e-01
  2040    4.21986e-01
  2041    4.21773e-01
  2042    4.21561e-01
  2043    4.21349e-01
  2044    4.21134e-01
  2045    4.20922e-01
  2046    4.20709e-01
  2047    4.20497e-01
  2048    4.20284e-01
  2049    4.20071e-01
  2050    4.19858e-01
  2051    4.19645e-01
  2052    4.19432e-01
  2053    4.19220e-01
  2054    4.19006e-01
  2055    4.18794e-01
  2056    4.18580e-01
  2057    4.18368e-01
  2058    4.18155e-01
  2059    4.17941e-01
  2060    4.17728e-01
  2061    4.17515e-01
  2062    4.17302e-01
  2063    4.17090e-01
  2064    4.16878e-01
  2065    4.16663e-01
  2066    4.16451e-01
  2067    4.16237e-01
  2068    4.16026e-01
  2069    4.15812e-01
  2070    4.15599e-01
  2071    4.15386e-01
  2072    4.15173e-01
  2073    4.14960e-01
  2074    4.14747e-01
  2075    4.14535e-01
  2076    4.14321e-01
  2077    4.14109e-01
  2078    4.13895e-01
  2079    4.13681e-01
  2080    4.13469e-01
  2081    4.13256e-01
  2082    4.13043e-01
  2083    4.12830e-01
  2084    4.12617e-01
  2085    4.12402e-01
  2086    4.12189e-01
  2087    4.11977e-01
  2088    4.11763e-01
  2089    4.11551e-01
  2090    4.11337e-01
  2091    4.11123e-01
  2092    4.10910e-01
  2093    4.10696e-01
  2094    4.10483e-01
  2095    4.10270e-01
  2096    4.10057e-01
  2097    4.09845e-01
  2098    4.09630e-01
  2099    4.09418e-01
  2100    4.09203e-01
  2101    4.08992e-01
  2102    4.08778e-01
  2103    4.08564e-01
  2104    4.08350e-01
  2105    4.08137e-01
  2106    4.07924e-01
  2107    4.07711e-01
  2108    4.07498e-01
  2109    4.07286e-01
  2110    4.07071e-01
  2111    4.06859e-01
  2112    4.06644e-01
  2113    4.06430e-01
  2114    4.06219e-01
  2115    4.06005e-01
  2116    4.05791e-01
  2117    4.05580e-01
  2118    4.05370e-01
  2119    4.05157e-01
  2120    4.04947e-01
  2121    4.04737e-01
  2122    4.04525e-01
  2123    4.04316e-01
  2124    4.04104e-01
  2125    4.03893e-01
  2126    4.03684e-01
  2127    4.03473e-01
  2128    4.03262e-01
  2129    4.03051e-01
  2130    4.02841e-01
  2131    4.02628e-01
  2132    4.02418e-01
  2133    4.02208e-01
  2134    4.01996e-01
  2135    4.01787e-01
  2136    4.01575e-01
  2137    4.01363e-01
  2138    4.01152e-01
  2139    4.00943e-01
  2140    4.00732e-01
  2141    4.00521e-01
  2142    4.00308e-01
  2143    4.00098e-01
  2144    3.99888e-01
  2145    3.99675e-01
  2146    3.99465e-01
  2147    3.99253e-01
  2148    3.99043e-01
  2149    3.98832e-01
  2150    3.98620e-01
  2151    3.98411e-01
  2152    3.98200e-01
  2153    3.97989e-01
  2154    3.97775e-01
  2155    3.97565e-01
  2156    3.97354e-01
  2157    3.97144e-01
  2158    3.96931e-01
  2159    3.96722e-01
  2160    3.96509e-01
  2161    3.96297e-01
  2162    3.96088e-01
  2163    3.95876e-01
  2164    3.95665e-01
  2165    3.95453e-01
  2166    3.95242e-01
  2167    3.95031e-01
  2168    3.94818e-01
  2169    3.94607e-01
  2170    3.94397e-01
  2171    3.94184e-01
  2172    3.93974e-01
  2173    3.93762e-01
  2174    3.93549e-01
  2175    3.93340e-01
  2176    3.93128e-01
  2177    3.92916e-01
  2178    3.92705e-01
  2179    3.92494e-01
  2180    3.92282e-01
  2181    3.92069e-01
  2182    3.91858e-01
  2183    3.91647e-01
  2184    3.91435e-01
  2185    3.91224e-01
  2186    3.91012e-01
  2187    3.90799e-01
  2188    3.90590e-01
  2189    3.90377e-01
  2190    3.90165e-01
  2191    3.89954e-01
  2192    3.89742e-01
  2193    3.89531e-01
  2194    3.89317e-01
  2195    3.89106e-01
  2196    3.88895e-01
  2197    3.88682e-01
  2198    3.88471e-01
  2199    3.88258e-01
  2200    3.88046e-01
  2201    3.87836e-01
  2202    3.87623e-01
  2203    3.87411e-01
  2204    3.87199e-01
  2205    3.86987e-01
  2206    3.86776e-01
  2207    3.86564e-01
  2208    3.86350e-01
  2209    3.86139e-01
  2210    3.85928e-01
  2211    3.85703e-01
  2212    3.85475e-01
  2213    3.85246e-01
  2214    3.85016e-01
  2215    3.84786e-01
  2216    3.84560e-01
  2217    3.84331e-01
  2218    3.84102e-01
  2219    3.83873e-01
  2220    3.83642e-01
  2221    3.83414e-01
  2222    3.83185e-01
  2223    3.82957e-01
  2224    3.82727e-01
  2225    3.82499e-01
  2226    3.82269e-01
  2227    3.82039e-01
  2228    3.81812e-01
  2229    3.81582e-01
  2230    3.81353e-01
  2231    3.81124e-01
  2232    3.80895e-01
  2233    3.80666e-01
  2234    3.80437e-01
  2235    3.80209e-01
  2236    3.79978e-01
  2237    3.79749e-01
  2238    3.79519e-01
  2239    3.79291e-01
  2240    3.79061e-01
  2241    3.78833e-01
  2242    3.78603e-01
  2243    3.78373e-01
  2244    3.78144e-01
  2245    3.77914e-01
  2246    3.77685e-01
  2247    3.77456e-01
  2248    3.77227e-01
  2249    3.76998e-01
  2250    3.76770e-01
  2251    3.76538e-01
  2252    3.76310e-01
  2253    3.76082e-01
  2254    3.75851e-01
  2255    3.75621e-01
  2256    3.75393e-01
  2257    3.75163e-01
  2258    3.74933e-01
  2259    3.74704e-01
  2260    3.74474e-01
  2261    3.74245e-01
  2262    3.74015e-01
  2263    3.73786e-01
  2264    3.73557e-01
  2265    3.73326e-01
  2266    3.73097e-01
  2267    3.72869e-01
  2268    3.72638e-01
  2269    3.72407e-01
  2270    3.72179e-01
  2271    3.71949e-01
  2272    3.71719e-01
  2273    3.71491e-01
  2274    3.71261e-01
  2275    3.71031e-01
  2276    3.70802e-01
  2277    3.70570e-01
  2278    3.70340e-01
  2279    3.70111e-01
  2280    3.69882e-01
  2281    3.69651e-01
  2282    3.69422e-01
  2283    3.69191e-01
  2284    3.68963e-01
  2285    3.68732e-01
  2286    3.68504e-01
  2287    3.68273e-01
  2288    3.68043e-01
  2289    3.67812e-01
  2290    3.67582e-01
  2291    3.67352e-01
  2292    3.67123e-01
  2293    3.66893e-01
  2294    3.66664e-01
  2295    3.66432e-01
  2296    3.66221e-01
  2297    3.66038e-01
  2298    3.65852e-01
  2299    3.65667e-01
  2300    3.65484e-01
  2301    3.65299e-01
  2302    3.65114e-01
  2303    3.64932e-01
  2304    3.64748e-01
  2305    3.64563e-01
  2306    3.64379e-01
  2307    3.64195e-01
  2308    3.64011e-01
  2309    3.63827e-01
  2310    3.63641e-01
  2311    3.63458e-01
  2312    3.63274e-01
  2313    3.63089e-01
  2314    3.62906e-01
  2315    3.62720e-01
  2316    3.62538e-01
  2317    3.62352e-01
  2318    3.62167e-01
  2319    3.61982e-01
  2320    3.61800e-01
  2321    3.61616e-01
  2322    3.61431e-01
  2323    3.61247e-01
  2324    3.61061e-01
  2325    3.60877e-01
  2326    3.60693e-01
  2327    3.60509e-01
  2328    3.60323e-01
  2329    3.60140e-01
  2330    3.59957e-01
  2331    3.59771e-01
  2332    3.59585e-01
  2333    3.59403e-01
  2334    3.59217e-01
  2335    3.59032e-01
  2336    3.58847e-01
  2337    3.58663e-01
  2338    3.58481e-01
  2339    3.58293e-01
  2340    3.58109e-01
  2341    3.57925e-01
  2342    3.57741e-01
  2343    3.57557e-01
  2344    3.57371e-01
  2345    3.57187e-01
  2346    3.57004e-01
  2347    3.56818e-01
  2348    3.56634e-01
  2349    3.56449e-01
  2350    3.56263e-01
  2351    3.56081e-01
  2352    3.55895e-01
  2353    3.55710e-01
  2354    3.55525e-01
  2355    3.55341e-01
  2356    3.55156e-01
  2357    3.54971e-01
  2358    3.54787e-01
  2359    3.54603e-01
  2360    3.54416e-01
  2361    3.54232e-01
  2362    3.54048e-01
  2363    3.53862e-01
  2364    3.53678e-01
  2365    3.53492e-01
  2366    3.53309e-01
  2367    3.53123e-01
  2368    3.52938e-01
  2369    3.52752e-01
  2370    3.52567e-01
  2371    3.52385e-01
  2372    3.52199e-01
  2373    3.52015e-01
  2374    3.51830e-01
  2375    3.51642e-01
  2376    3.51458e-01
  2377    3.51274e-01
  2378    3.51089e-01
  2379    3.50903e-01
  2380    3.50719e-01
  2381    3.50532e-01
  2382    3.50349e-01
  2383    3.50162e-01
  2384    3.49979e-01
  2385    3.49793e-01
  2386    3.49607e-01
  2387    3.49422e-01
  2388    3.49239e-01
  2389    3.49053e-01
  2390    3.48868e-01
  2391    3.48683e-01
  2392    3.48498e-01
  2393    3.48310e-01
  2394    3.48126e-01
  2395    3.47941e-01
  2396    3.47757e-01
  2397    3.47570e-01
  2398    3.47386e-01
  2399    3.47199e-01
  2400    3.47015e-01
  2401    3.46828e-01
  2402    3.46645e-01
  2403    3.46459e-01
  2404    3.46273e-01
  2405    3.46087e-01
  2406    3.45903e-01
  2407    3.45718e-01
  2408    3.45532e-01
  2409    3.45347e-01
  2410    3.45162e-01
  2411    3.44974e-01
  2412    3.44789e-01
  2413    3.44604e-01
  2414    3.44419e-01
  2415    3.44232e-01
  2416    3.44047e-01
  2417    3.43863e-01
  2418    3.43676e-01
  2419    3.43492e-01
  2420    3.43305e-01
  2421    3.43118e-01
  2422    3.42935e-01
  2423    3.42748e-01
  2424    3.42562e-01
  2425    3.42376e-01
  2426    3.42190e-01
  2427    3.42004e-01
  2428    3.41819e-01
  2429    3.41633e-01
  2430    3.41448e-01
  2431    3.41263e-01
  2432    3.41077e-01
  2433    3.40890e-01
  2434    3.40705e-01
  2435    3.40517e-01
  2436    3.40333e-01
  2437    3.40148e-01
  2438    3.39961e-01
  2439    3.39774e-01
  2440    3.39590e-01
  2441    3.39403e-01
  2442    3.39216e-01
  2443    3.39030e-01
  2444    3.38846e-01
  2445    3.38660e-01
  2446    3.38474e-01
  2447    3.38288e-01
  2448    3.38102e-01
  2449    3.37916e-01
  2450    3.37727e-01
  2451    3.37542e-01
  2452    3.37357e-01
  2453    3.37171e-01
  2454    3.36983e-01
  2455    3.36798e-01
  2456    3.36611e-01
  2457    3.36426e-01
  2458    3.36238e-01
  2459    3.36054e-01
  2460    3.35867e-01
  2461    3.35679e-01
  2462    3.35493e-01
  2463    3.35307e-01
  2464    3.35108e-01
  2465    3.34909e-01
  2466    3.34711e-01
  2467    3.34512e-01
  2468    3.34314e-01
  2469    3.34115e-01
  2470    3.33915e-01
  2471    3.33716e-01
  2472    3.33519e-01
  2473    3.33321e-01
  2474    3.33120e-01
  2475    3.32923e-01
  2476    3.32723e-01
  2477    3.32525e-01
  2478    3.32325e-01
  2479    3.32128e-01
  2480    3.31929e-01
  2481    3.31729e-01
  2482    3.31532e-01
  2483    3.31333e-01
  2484    3.31134e-01
  2485    3.30935e-01
  2486    3.30736e-01
  2487    3.30537e-01
  2488    3.30338e-01
  2489    3.30140e-01
  2490    3.29941e-01
  2491    3.29792e-01
  2492    3.29665e-01
  2493    3.29535e-01
  2494    3.29408e-01
  2495    3.29281e-01
  2496    3.29152e-01
  2497    3.29025e-01
  2498    3.28896e-01
  2499    3.28769e-01
  2500    0.00000e+00
  2501    0.00000e+00
  2502    0.00000e+00
  2503    0.00000e+00
  2504    0.00000e+00
  2505    0.00000e+00
  2506    0.00000e+00
  2507    0.00000e+00
  2508    0.00000e+00
  2509    0.00000e+00
  2510    0.00000e+00
  2511    0.00000e+00
  2512    0.00000e+00
  2513    0.00000e+00
  2514    0.00000e+00
  2515    0.00000e+00
  2516    0.00000e+00
  2517    0.00000e+00
  2518    0.00000e+00
  2519    0.00000e+00
  2520    0.00000e+00
  2521    0.00000e+00
  2522    0.00000e+00
  2523    0.00000e+00
  2524    0.00000e+00
  2525    0.00000e+00
  2526    0.00000e+00
  2527    0.00000e+00
  2528    0.00000e+00
  2529    0.00000e+00
  2530    0.00000e+00
  2531    0.00000e+00
  2532    0.00000e+00
  2533    0.00000e+00
  2534    0.00000e+00
  2535    0.00000e+00
  2536    0.00000e+00
  2537    0.00000e+00
  2538    0.00000e+00
  2539    0.00000e+00
  2540    0.00000e+00
  2541    0.00000e+00
  2542    0.00000e+00
  2543    0.00000e+00
  2544    0.00000e+00
  2545    0.00000e+00
  2546    0.00000e+00
  2547    0.00000e+00
  2548    0.00000e+00
  2549    0.00000e+00
  2550    0.00000e+00
  2551    0.00000e+00
  2552    0.00000e+00
  2553    0.00000e+00
  2554    0.00000e+00
  2555    0.00000e+00
  2556    0.00000e+00
  2557    0.00000e+00
  2558    0.00000e+00
  2559    0.00000e+00
  2560    0.00000e+00
  2561    0.00000e+00
  2562    0.00000e+00
  2563    0.00000e+00
  2564    0.00000e+00
  2565    0.00000e+00
  2566    0.00000e+00
  2567    0.00000e+00
  2568    0.00000e+00
  2569    0.00000e+00
  2570    0.00000e+00
  2571    0.00000e+00
  2572    0.00000e+00
  2573    0.00000e+00
  2574    0.00000e+00
  2575    0.00000e+00
  2576    0.00000e+00
  2577    0.00000e+00
  2578    0.00000e+00
  2579    0.00000e+00
  2580    0.00000e+00
  2581    0.00000e+00
  2582    0.00000e+00
  2583    0.00000e+00
  2584    0.00000e+00
  2585    0.00000e+00
  2586    0.00000e+00
  2587    0.00000e+00
  2588    0.00000e+00
  2589    0.00000e+00
  2590    0.00000e+00
  2591    0.00000e+00
  2592    0.00000e+00
  2593    0.00000e+00
  2594    0.00000e+00
  2595    0.00000e+00
  2596    0.00000e+00
  2597    0.00000e+00
  2598    0.00000e+00
  2599    0.00000e+00
  2600    0.00000e+00
  2601    0.00000e+00
  2602    0.00000e+00
  2603    0.00000e+00
  2604    0.00000e+00
  2605    0.00000e+00
  2606    0.00000e+00
  2607    0.00000e+00
  2608    0.00000e+00
  2609    0.00000e+00
  2610    0.00000e+00
  2611    0.00000e+00
  2612    0.00000e+00
  2613    0.00000e+00
  2614    0.00000e+00
  2615    0.00000e+00
  2616    0.00000e+00
  2617    0.00000e+00
  2618    0.00000e+00
  2619    0.00000e+00
  2620    0.00000e+00
  2621    0.00000e+00
  2622    0.00000e+00
  2623    0.00000e+00
  2624    0.00000e+00
  2625    0.00000e+00
  2626    0.00000e+00
  2627    0.00000e+00
  2628    0.00000e+00
  2629    0.00000e+00
  2630    0.00000e+00
  2631    0.00000e+00
  2632    0.00000e+00
  2633    0.00000e+00
  2634    0.00000e+00
  2635    0.00000e+00
  2636    0.00000e+00
  2637    0.00000e+00
  2638    0.00000e+00
  2639    0.00000e+00
  2640    0.00000e+00
  2641    0.00000e+00
  2642    0.00000e+00
  2643    0.00000e+00
  2644    0.00000e+00
  2645    0.00000e+00
  2646    0.00000e+00
  2647    0.00000e+00
  2648    0.00000e+00
  2649    0.00000e+00
  2650    0.00000e+00
  2651    0.00000e+00
  2652    0.00000e+00
  2653    0.00000e+00
  2654    0.00000e+00
  2655    0.00000e+00
  2656    0.00000e+00
  2657    0.00000e+00
  2658    0.00000e+00
  2659    0.00000e+00
  2660    0.00000e+00
  2661    0.00000e+00
  2662    0.00000e+00
  2663    0.00000e+00
  2664    0.00000e+00
  2665    0.00000e+00
  2666    0.00000e+00
  2667    0.00000e+00
  2668    0.00000e+00
  2669    0.00000e+00
  2670    0.00000e+00
  2671    0.00000e+00
  2672    0.00000e+00
  2673    0.00000e+00
  2674    0.00000e+00
  2675    0.00000e+00
  2676    0.00000e+00
  2677    0.00000e+00
  2678    0.00000e+00
  2679    0.00000e+00
  2680    0.00000e+00
  2681    0.00000e+00
  2682    0.00000e+00
  2683    0.00000e+00
  2684    0.00000e+00
  2685    0.00000e+00
  2686    0.00000e+00
  2687    0.00000e+00
  2688    0.00000e+00
  2689    0.00000e+00
  2690    0.00000e+00
  2691    0.00000e+00
  2692    0.00000e+00
  2693    0.00000e+00
  2694    0.00000e+00
  2695    0.00000e+00
  2696    0.00000e+00
  2697    0.00000e+00
  2698    0.00000e+00
  2699    0.00000e+00
  2700    0.00000e+00
  2701    0.00000e+00
  2702    0.00000e+00
  2703    0.00000e+00
  2704    0.00000e+00
  2705    0.00000e+00
  2706    0.00000e+00
  2707    0.00000e+00
  2708    0.00000e+00
  2709    0.00000e+00
  2710    0.00000e+00
  2711    0.00000e+00
  2712    0.00000e+00
  2713    0.00000e+00
  2714    0.00000e+00
  2715    0.00000e+00
  2716    0.00000e+00
  2717    0.00000e+00
  2718    0.00000e+00
  2719    0.00000e+00
  2720    0.00000e+00
  2721    0.00000e+00
  2722    0.00000e+00
  2723    0.00000e+00
  2724    0.00000e+00
  2725    0.00000e+00
  2726    0.00000e+00
  2727    0.00000e+00
  2728    0.00000e+00
  2729    0.00000e+00
  2730    0.00000e+00
  2731    0.00000e+00
  2732    0.00000e+00
  2733    0.00000e+00
  2734    0.00000e+00
  2735    0.00000e+00
  2736    0.00000e+00
  2737    0.00000e+00
  2738    0.00000e+00
  2739    0.00000e+00
  2740    0.00000e+00
  2741    0.00000e+00
  2742    0.00000e+00
  2743    0.00000e+00
  2744    0.00000e+00
  2745    0.00000e+00
  2746    0.00000e+00
  2747    0.00000e+00
  2748    0.00000e+00
  2749    0.00000e+00
  2750    0.00000e+00
  2751    0.00000e+00
  2752    0.00000e+00
  2753    0.00000e+00
  2754    0.00000e+00
  2755    0.00000e+00
  2756    0.00000e+00
  2757    0.00000e+00
  2758    0.00000e+00
  2759    0.00000e+00
  2760    0.00000e+00
  2761    0.00000e+00
  2762    0.00000e+00
  2763    0.00000e+00
  2764    0.00000e+00
  2765    0.00000e+00
  2766    0.00000e+00
  2767    0.00000e+00
  2768    0.00000e+00
  2769    0.00000e+00
  2770    0.00000e+00
  2771    0.00000e+00
  2772    0.00000e+00
  2773    0.00000e+00
  2774    0.00000e+00
  2775    0.00000e+00
  2776    0.00000e+00
  2777    0.00000e+00
  2778    0.00000e+00
  2779    0.00000e+00
  2780    0.00000e+00
  2781    0.00000e+00
  2782    0.00000e+00
  2783    0.00000e+00
  2784    0.00000e+00
  2785    0.00000e+00
  2786    0.00000e+00
  2787    0.00000e+00
  2788    0.00000e+00
  2789    0.00000e+00
  2790    0.00000e+00
  2791    0.00000e+00
  2792    0.00000e+00
  2793    0.00000e+00
  2794    0.00000e+00
  2795    0.00000e+00
  2796    0.00000e+00
  2797    0.00000e+00
  2798    0.00000e+00
  2799    0.00000e+00
  2800    0.00000e+00
  2801    0.00000e+00
  2802    0.00000e+00
  2803    0.00000e+00
  2804    0.00000e+00
  2805    0.00000e+00
  2806    0.00000e+00
  2807    0.00000e+00
  2808    0.00000e+00
  2809    0.00000e+00
  2810    0.00000e+00
  2811    0.00000e+00
  2812    0.00000e+00
  2813    0.00000e+00
  2814    0.00000e+00
  2815    0.00000e+00
  2816    0.00000e+00
  2817    0.00000e+00
  2818    0.00000e+00
  2819    0.00000e+00
  2820    0.00000e+00
  2821    0.00000e+00
  2822    0.00000e+00
  2823    0.00000e+00
  2824    0.00000e+00
  2825    0.00000e+00
  2826    0.00000e+00
  2827    0.00000e+00
  2828    0.00000e+00
  2829    0.00000e+00
  2830    0.00000e+00
  2831    0.00000e+00
  2832    0.00000e+00
  2833    0.00000e+00
  2834    0.00000e+00
  2835    0.00000e+00
  2836    0.00000e+00
  2837    0.00000e+00
  2838    0.00000e+00
  2839    0.00000e+00
  2840    0.00000e+00
  2841    0.00000e+00
  2842    0.00000e+00
  2843    0.00000e+00
  2844    0.00000e+00
  2845    0.00000e+00
  2846    0.00000e+00
  2847    0.00000e+00
  2848    0.00000e+00
  2849    0.00000e+00
  2850    0.00000e+00
  2851    0.00000e+00
  2852    0.00000e+00
  2853    0.00000e+00
  2854    0.00000e+00
  2855    0.00000e+00
  2856    0.00000e+00
  2857    0.00000e+00
  2858    0.00000e+00
  2859    0.00000e+00
  2860    0.00000e+00
  2861    0.00000e+00
  2862    0.00000e+00
  2863    0.00000e+00
  2864    0.00000e+00
  2865    0.00000e+00
  2866    0.00000e+00
  2867    0.00000e+00
  2868    0.00000e+00
  2869    0.00000e+00
  2870    0.00000e+00
  2871    0.00000e+00
  2872    0.00000e+00
  2873    0.00000e+00
  2874    0.00000e+00
  2875    0.00000e+00
  2876    0.00000e+00
  2877    0.00000e+00
  2878    0.00000e+00
  2879    0.00000e+00
  2880    0.00000e+00
  2881    0.00000e+00
  2882    0.00000e+00
  2883    0.00000e+00
  2884    0.00000e+00
  2885    0.00000e+00
  2886    0.00000e+00
  2887    0.00000e+00
  2888    0.00000e+00
  2889    0.00000e+00
  2890    0.00000e+00
  2891    0.00000e+00
  2892    0.00000e+00
  2893    0.00000e+00
  2894    0.00000e+00
  2895    0.00000e+00
  2896    0.00000e+00
  2897    0.00000e+00
  2898    0.00000e+00
  2899    0.00000e+00
  2900    0.00000e+00
  2901    0.00000e+00
  2902    0.00000e+00
  2903    0.00000e+00
  2904    0.00000e+00
  2905    0.00000e+00
  2906    0.00000e+00
  2907    0.00000e+00
  2908    0.00000e+00
  2909    0.00000e+00
  2910    0.00000e+00
  2911    0.00000e+00
  2912    0.00000e+00
  2913    0.00000e+00
  2914    0.00000e+00
  2915    0.00000e+00
  2916    0.00000e+00
  2917    0.00000e+00
  2918    0.00000e+00
  2919    0.00000e+00
  2920    0.00000e+00
  2921    0.00000e+00
  2922    0.00000e+00
  2923    0.00000e+00
  2924    0.00000e+00
  2925    0.00000e+00
  2926    0.00000e+00
  2927    0.00000e+00
  2928    0.00000e+00
  2929    0.00000e+00
  2930    0.00000e+00
  2931    0.00000e+00
  2932    0.00000e+00
  2933    0.00000e+00
  2934    0.00000e+00
  2935    0.00000e+00
  2936    0.00000e+00
  2937    0.00000e+00
  2938    0.00000e+00
  2939    0.00000e+00
  2940    0.00000e+00
  2941    0.00000e+00
  2942    0.00000e+00
  2943    0.00000e+00
  2944    0.00000e+00
  2945    0.00000e+00
  2946    0.00000e+00
  2947    0.00000e+00
  2948    0.00000e+00
  2949    0.00000e+00
  2950    0.00000e+00
  2951    0.00000e+00
  2952    0.00000e+00
  2953    0.00000e+00
  2954    0.00000e+00
  2955    0.00000e+00
  2956    0.00000e+00
  2957    0.00000e+00
  2958    0.00000e+00
  2959    0.00000e+00
  2960    0.00000e+00
  2961    0.00000e+00
  2962    0.00000e+00
  2963    0.00000e+00
  2964    0.00000e+00
  2965    0.00000e+00
  2966    0.00000e+00
  2967    0.00000e+00
  2968    0.00000e+00
  2969    0.00000e+00
  2970    0.00000e+00
  2971    0.00000e+00
  2972    0.00000e+00
  2973    0.00000e+00
  2974    0.00000e+00
  2975    0.00000e+00
  2976    0.00000e+00
  2977    0.00000e+00
  2978    0.00000e+00
  2979    0.00000e+00
  2980    0.00000e+00
  2981    0.00000e+00
  2982    0.00000e+00
  2983    0.00000e+00
  2984    0.00000e+00
  2985    0.00000e+00
  2986    0.00000e+00
  2987    0.00000e+00
  2988    0.00000e+00
  2989    0.00000e+00
  2990    0.00000e+00
  2991    0.00000e+00
  2992    0.00000e+00
  2993    0.00000e+00
  2994    0.00000e+00
  2995    0.00000e+00
  2996    0.00000e+00
  2997    0.00000e+00
  2998    0.00000e+00
  2999    0.00000e+00
  3000    0.00000e+00
  3001    0.00000e+00
  3002    0.00000e+00
  3003    0.00000e+00
  3004    0.00000e+00
  3005    0.00000e+00
  3006    0.00000e+00
  3007    0.00000e+00
  3008    0.00000e+00
  3009    0.00000e+00
  3010    0.00000e+00
  3011    0.00000e+00
  3012    0.00000e+00
  3013    0.00000e+00
  3014    0.00000e+00
  3015    0.00000e+00
  3016    0.00000e+00
  3017    0.00000e+00
  3018    0.00000e+00
  3019    0.00000e+00
  3020    0.00000e+00
  3021    0.00000e+00
  3022    0.00000e+00
  3023    0.00000e+00
  3024    0.00000e+00
  3025    0.00000e+00
  3026    0.00000e+00
  3027    0.00000e+00
  3028    0.00000e+00
  3029    0.00000e+00
  3030    0.00000e+00
  3031    0.00000e+00
  3032    0.00000e+00
  3033    0.00000e+00
  3034    0.00000e+00
  3035    0.00000e+00
  3036    0.00000e+00
  3037    0.00000e+00
  3038    0.00000e+00
  3039    0.00000e+00
  3040    0.00000e+00
  3041    0.00000e+00
  3042    0.00000e+00
  3043    0.00000e+00
  3044    0.00000e+00
  3045    0.00000e+00
  3046    0.00000e+00
  3047    0.00000e+00
  3048    0.00000e+00
  3049    0.00000e+00
  3050    0.00000e+00
  3051    0.00000e+00
  3052    0.00000e+00
  3053    0.00000e+00
  3054    0.00000e+00
  3055    0.00000e+00
  3056    0.00000e+00
  3057    0.00000e+00
  3058    0.00000e+00
  3059    0.00000e+00
  3060    0.00000e+00
  3061    0.00000e+00
  3062    0.00000e+00
  3063    0.00000e+00
  3064    0.00000e+00
  3065    0.00000e+00
  3066    0.00000e+00
  3067    0.00000e+00
  3068    0.00000e+00
  3069    0.00000e+00
  3070    0.00000e+00
  3071    0.00000e+00
  3072    0.00000e+00
  3073    0.00000e+00
  3074    0.00000e+00
  3075    0.00000e+00
  3076    0.00000e+00
  3077    0.00000e+00
  3078    0.00000e+00
  3079    0.00000e+00
  3080    0.00000e+00
  3081    0.00000e+00
  3082    0.00000e+00
  3083    0.00000e+00
  3084    0.00000e+00
  3085    0.00000e+00
  3086    0.00000e+00
  3087    0.00000e+00
  3088    0.00000e+00
  3089    0.00000e+00
  3090    0.00000e+00
  3091    0.00000e+00
  3092    0.00000e+00
  3093    0.00000e+00
  3094    0.00000e+00
  3095    0.00000e+00
  3096    0.00000e+00
  3097    0.00000e+00
  3098    0.00000e+00
  3099    0.00000e+00
  3100    0.00000e+00
  3101    0.00000e+00
  3102    0.00000e+00
  3103    0.00000e+00
  3104    0.00000e+00
  3105    0.00000e+00
  3106    0.00000e+00
  3107    0.00000e+00
  3108    0.00000e+00
  3109    0.00000e+00
  3110    0.00000e+00
  3111    0.00000e+00
  3112    0.00000e+00
  3113    0.00000e+00
  3114    0.00000e+00
  3115    0.00000e+00
  3116    0.00000e+00
  3117    0.00000e+00
  3118    0.00000e+00
  3119    0.00000e+00
  3120    0.00000e+00
  3121    0.00000e+00
  3122    0.00000e+00
  3123    0.00000e+00
  3124    0.00000e+00
  3125    0.00000e+00
  3126    0.00000e+00
  3127    0.00000e+00
  3128    0.00000e+00
  3129    0.00000e+00
  3130    0.00000e+00
  3131    0.00000e+00
  3132    0.00000e+00
  3133    0.00000e+00
  3134    0.00000e+00
  3135    0.00000e+00
  3136    0.00000e+00
  3137    0.00000e+00
  3138    0.00000e+00
  3139    0.00000e+00
  3140    0.00000e+00
  3141    0.00000e+00
  3142    0.00000e+00
  3143    0.00000e+00
  3144    0.00000e+00
  3145    0.00000e+00
  3146    0.00000e+00
  3147    0.00000e+00
  3148    0.00000e+00
  3149    0.00000e+00
  3150    0.00000e+00
  3151    0.00000e+00
  3152    0.00000e+00
  3153    0.00000e+00
  3154    0.00000e+00
  3155    0.00000e+00
  3156    0.00000e+00
  3157    0.00000e+00
  3158    0.00000e+00
  3159    0.00000e+00
  3160    0.00000e+00
  3161    0.00000e+00
  3162    0.00000e+00
  3163    0.00000e+00
  3164    0.00000e+00
  3165    0.00000e+00
  3166    0.00000e+00
  3167    0.00000e+00
  3168    0.00000e+00
  3169    0.00000e+00
  3170    0.00000e+00
  3171    0.00000e+00
  3172    0.00000e+00
  3173    0.00000e+00
  3174    0.00000e+00
  3175    0.00000e+00
  3176    0.00000e+00
  3177    0.00000e+00
  3178    0.00000e+00
  3179    0.00000e+00
  3180    0.00000e+00
  3181    0.00000e+00
  3182    0.00000e+00
  3183    0.00000e+00
  3184    0.00000e+00
  3185    0.00000e+00
  3186    0.00000e+00
  3187    0.00000e+00
  3188    0.00000e+00
  3189    0.00000e+00
  3190    0.00000e+00
  3191    0.00000e+00
  3192    0.00000e+00
  3193    0.00000e+00
  3194    0.00000e+00
  3195    0.00000e+00
  3196    0.00000e+00
  3197    0.00000e+00
  3198    0.00000e+00
  3199    0.00000e+00
  3200    0.00000e+00
  3201    0.00000e+00
  3202    0.00000e+00
  3203    0.00000e+00
  3204    0.00000e+00
  3205    0.00000e+00
  3206    0.00000e+00
  3207    0.00000e+00
  3208    0.00000e+00
  3209    0.00000e+00
  3210    0.00000e+00
  3211    0.00000e+00
  3212    0.00000e+00
  3213    0.00000e+00
  3214    0.00000e+00
  3215    0.00000e+00
  3216    0.00000e+00
  3217    0.00000e+00
  3218    0.00000e+00
  3219    0.00000e+00
  3220    0.00000e+00
  3221    0.00000e+00
  3222    0.00000e+00
  3223    0.00000e+00
  3224    0.00000e+00
  3225    0.00000e+00
  3226    0.00000e+00
  3227    0.00000e+00
  3228    0.00000e+00
  3229    0.00000e+00
  3230    0.00000e+00
  3231    0.00000e+00
  3232    0.00000e+00
  3233    0.00000e+00
  3234    0.00000e+00
  3235    0.00000e+00
  3236    0.00000e+00
  3237    0.00000e+00
  3238    0.00000e+00
  3239    0.00000e+00
  3240    0.00000e+00
  3241    0.00000e+00
  3242    0.00000e+00
  3243    0.00000e+00
  3244    0.00000e+00
  3245    0.00000e+00
  3246    0.00000e+00
  3247    0.00000e+00
  3248    0.00000e+00
  3249    0.00000e+00
  3250    0.00000e+00
  3251    0.00000e+00
  3252    0.00000e+00
  3253    0.00000e+00
  3254    0.00000e+00
  3255    0.00000e+00
  3256    0.00000e+00
  3257    0.00000e+00
  3258    0.00000e+00
  3259    0.00000e+00
  3260    0.00000e+00
  3261    0.00000e+00
  3262    0.00000e+00
  3263    0.00000e+00
  3264    0.00000e+00
  3265    0.00000e+00
  3266    0.00000e+00
  3267    0.00000e+00
  3268    0.00000e+00
  3269    0.00000e+00
  3270    0.00000e+00
  3271    0.00000e+00
  3272    0.00000e+00
  3273    0.00000e+00
  3274    0.00000e+00
  3275    0.00000e+00
  3276    0.00000e+00
  3277    0.00000e+00
  3278    0.00000e+00
  3279    0.00000e+00
  3280    0.00000e+00
  3281    0.00000e+00
  3282    0.00000e+00
  3283    0.00000e+00
  3284    0.00000e+00
  3285    0.00000e+00
  3286    0.00000e+00
  3287    0.00000e+00
  3288    0.00000e+00
  3289    0.00000e+00
  3290    0.00000e+00
  3291    0.00000e+00
  3292    0.00000e+00
  3293    0.00000e+00
  3294    0.00000e+00
  3295    0.00000e+00
  3296    0.00000e+00
  3297    0.00000e+00
  3298    0.00000e+00
  3299    0.00000e+00
  3300    0.00000e+00
  3301    0.00000e+00
  3302    0.00000e+00
  3303    0.00000e+00
  3304    0.00000e+00
  3305    0.00000e+00
  3306    0.00000e+00
  3307    0.00000e+00
  3308    0.00000e+00
  3309    0.00000e+00
  3310    0.00000e+00
  3311    0.00000e+00
  3312    0.00000e+00
  3313    0.00000e+00
  3314    0.00000e+00
  3315    0.00000e+00
  3316    0.00000e+00
  3317    0.00000e+00
  3318    0.00000e+00
  3319    0.00000e+00
  3320    0.00000e+00
  3321    0.00000e+00
  3322    0.00000e+00
  3323    0.00000e+00
  3324    0.00000e+00
  3325    0.00000e+00
  3326    0.00000e+00
  3327    0.00000e+00
  3328    0.00000e+00
  3329    0.00000e+00
  3330    0.00000e+00
  3331    0.00000e+00
  3332    0.00000e+00
  3333    0.00000e+00
  3334    0.00000e+00
  3335    0.00000e+00
  3336    0.00000e+00
  3337    0.00000e+00
  3338    0.00000e+00
  3339    0.00000e+00
  3340    0.00000e+00
  3341    0.00000e+00
  3342    0.00000e+00
  3343    0.00000e+00
  3344    0.00000e+00
  3345    0.00000e+00
  3346    0.00000e+00
  3347    0.00000e+00
  3348    0.00000e+00
  3349    0.00000e+00
  3350    0.00000e+00
  3351    0.00000e+00
  3352    0.00000e+00
  3353    0.00000e+00
  3354    0.00000e+00
  3355    0.00000e+00
  3356    0.00000e+00
  3357    0.00000e+00
  3358    0.00000e+00
  3359    0.00000e+00
  3360    0.00000e+00
  3361    0.00000e+00
  3362    0.00000e+00
  3363    0.00000e+00
  3364    0.00000e+00
  3365    0.00000e+00
  3366    0.00000e+00
  3367    0.00000e+00
  3368    0.00000e+00
  3369    0.00000e+00
  3370    0.00000e+00
  3371    0.00000e+00
  3372    0.00000e+00
  3373    0.00000e+00
  3374    0.00000e+00
  3375    0.00000e+00
  3376    0.00000e+00
  3377    0.00000e+00
  3378    0.00000e+00
  3379    0.00000e+00
  3380    0.00000e+00
  3381    0.00000e+00
  3382    0.00000e+00
  3383    0.00000e+00
  3384    0.00000e+00
  3385    0.00000e+00
  3386    0.00000e+00
  3387    0.00000e+00
  3388    0.00000e+00
  3389    0.00000e+00
  3390    0.00000e+00
  3391    0.00000e+00
  3392    0.00000e+00
  3393    0.00000e+00
  3394    0.00000e+00
  3395    0.00000e+00
  3396    0.00000e+00
  3397    0.00000e+00
  3398    0.00000e+00
  3399    0.00000e+00
  3400    0.00000e+00
  3401    0.00000e+00
  3402    0.00000e+00
  3403    0.00000e+00
  3404    0.00000e+00
  3405    0.00000e+00
  3406    0.00000e+00
  3407    0.00000e+00
  3408    0.00000e+00
  3409    0.00000e+00
  3410    0.00000e+00
  3411    0.00000e+00
  3412    0.00000e+00
  3413    0.00000e+00
  3414    0.00000e+00
  3415    0.00000e+00
  3416    0.00000e+00
  3417    0.00000e+00
  3418    0.00000e+00
  3419    0.00000e+00
  3420    0.00000e+00
  3421    0.00000e+00
  3422    0.00000e+00
  3423    0.00000e+00
  3424    0.00000e+00
  3425    0.00000e+00
  3426    0.00000e+00
  3427    0.00000e+00
  3428    0.00000e+00
  3429    0.00000e+00
  3430    0.00000e+00
  3431    0.00000e+00
  3432    0.00000e+00
  3433    0.00000e+00
  3434    0.00000e+00
  3435    0.00000e+00
  3436    0.00000e+00
  3437    0.00000e+00
  3438    0.00000e+00
  3439    0.00000e+00
  3440    0.00000e+00
  3441    0.00000e+00
  3442    0.00000e+00
  3443    0.00000e+00
  3444    0.00000e+00
  3445    0.00000e+00
  3446    0.00000e+00
  3447    0.00000e+00
  3448    0.00000e+00
  3449    0.00000e+00
  3450    0.00000e+00
  3451    0.00000e+00
  3452    0.00000e+00
  3453    0.00000e+00
  3454    0.00000e+00
  3455    0.00000e+00
  3456    0.00000e+00
  3457    0.00000e+00
  3458    0.00000e+00
  3459    0.00000e+00
  3460    0.00000e+00
  3461    0.00000e+00
  3462    0.00000e+00
  3463    0.00000e+00
  3464    0.00000e+00
  3465    0.00000e+00
  3466    0.00000e+00
  3467    0.00000e+00
  3468    0.00000e+00
  3469    0.00000e+00
  3470    0.00000e+00
  3471    0.00000e+00
  3472    0.00000e+00
  3473    0.00000e+00
  3474    0.00000e+00
  3475    0.00000e+00
  3476    0.00000e+00
  3477    0.00000e+00
  3478    0.00000e+00
  3479    0.00000e+00
  3480    0.00000e+00
  3481    0.00000e+00
  3482    0.00000e+00
  3483    0.00000e+00
  3484    0.00000e+00
  3485    0.00000e+00
  3486    0.00000e+00
  3487    0.00000e+00
  3488    0.00000e+00
  3489    0.00000e+00
  3490    0.00000e+00
  3491    0.00000e+00
  3492    0.00000e+00
  3493    0.00000e+00
  3494    0.00000e+00
  3495    0.00000e+00
  3496    0.00000e+00
  3497    0.00000e+00
  3498    0.00000e+00
  3499    0.00000e+00
  3500    0.00000e+00
  3501    0.00000e+00
  3502    0.00000e+00
  3503    0.00000e+00
  3504    0.00000e+00
  3505    0.00000e+00
  3506    0.00000e+00
  3507    0.00000e+00
  3508    0.00000e+00
  3509    0.00000e+00
  3510    0.00000e+00
  3511    0.00000e+00
  3512    0.00000e+00
  3513    0.00000e+00
  3514    0.00000e+00
  3515    0.00000e+00
  3516    0.00000e+00
  3517    0.00000e+00
  3518    0.00000e+00
  3519    0.00000e+00
  3520    0.00000e+00
  3521    0.00000e+00
  3522    0.00000e+00
  3523    0.00000e+00
  3524    0.00000e+00
  3525    0.00000e+00
  3526    0.00000e+00
  3527    0.00000e+00
  3528    0.00000e+00
  3529    0.00000e+00
  3530    0.00000e+00
  3531    0.00000e+00
  3532    0.00000e+00
  3533    0.00000e+00
  3534    0.00000e+00
  3535    0.00000e+00
  3536    0.00000e+00
  3537    0.00000e+00
  3538    0.00000e+00
  3539    0.00000e+00
  3540    0.00000e+00
  3541    0.00000e+00
  3542    0.00000e+00
  3543    0.00000e+00
  3544    0.00000e+00
  3545    0.00000e+00
  3546    0.00000e+00
  3547    0.00000e+00
  3548    0.00000e+00
  3549    0.00000e+00
  3550    0.00000e+00
  3551    0.00000e+00
  3552    0.00000e+00
  3553    0.00000e+00
  3554    0.00000e+00
  3555    0.00000e+00
  3556    0.00000e+00
  3557    0.00000e+00
  3558    0.00000e+00
  3559    0.00000e+00
  3560    0.00000e+00
  3561    0.00000e+00
  3562    0.00000e+00
  3563    0.00000e+00
  3564    0.00000e+00
  3565    0.00000e+00
  3566    0.00000e+00
  3567    0.00000e+00
  3568    0.00000e+00
  3569    0.00000e+00
  3570    0.00000e+00
  3571    0.00000e+00
  3572    0.00000e+00
  3573    0.00000e+00
  3574    0.00000e+00
  3575    0.00000e+00
  3576    0.00000e+00
  3577    0.00000e+00
  3578    0.00000e+00
  3579    0.00000e+00
  3580    0.00000e+00
  3581    0.00000e+00
  3582    0.00000e+00
  3583    0.00000e+00
  3584    0.00000e+00
  3585    0.00000e+00
  3586    0.00000e+00
  3587    0.00000e+00
  3588    0.00000e+00
  3589    0.00000e+00
  3590    0.00000e+00
  3591    0.00000e+00
  3592    0.00000e+00
  3593    0.00000e+00
  3594    0.00000e+00
  3595    0.00000e+00
  3596    0.00000e+00
  3597    0.00000e+00
  3598    0.00000e+00
  3599    0.00000e+00
  3600    0.00000e+00
  3601    0.00000e+00
  3602    0.00000e+00
  3603    0.00000e+00
  3604    0.00000e+00
  3605    0.00000e+00
  3606    0.00000e+00
  3607    0.00000e+00
  3608    0.00000e+00
  3609    0.00000e+00
  3610    0.00000e+00
  3611    0.00000e+00
  3612    0.00000e+00
  3613    0.00000e+00
  3614    0.00000e+00
  3615    0.00000e+00
  3616    0.00000e+00
  3617    0.00000e+00
  3618    0.00000e+00
  3619    0.00000e+00
  3620    0.00000e+00
  3621    0.00000e+00
  3622    0.00000e+00
  3623    0.00000e+00
  3624    0.00000e+00
  3625    0.00000e+00
  3626    0.00000e+00
  3627    0.00000e+00
  3628    0.00000e+00
  3629    0.00000e+00
  3630    0.00000e+00
  3631    0.00000e+00
  3632    0.00000e+00
  3633    0.00000e+00
  3634    0.00000e+00
  3635    0.00000e+00
  3636    0.00000e+00
  3637    0.00000e+00
  3638    0.00000e+00
  3639    0.00000e+00
  3640    0.00000e+00
  3641    0.00000e+00
  3642    0.00000e+00
  3643    0.00000e+00
  3644    0.00000e+00
  3645    0.00000e+00
  3646    0.00000e+00
  3647    0.00000e+00
  3648    0.00000e+00
  3649    0.00000e+00
  3650    0.00000e+00
  3651    0.00000e+00
  3652    0.00000e+00
  3653    0.00000e+00
  3654    0.00000e+00
  3655    0.00000e+00
  3656    0.00000e+00
  3657    0.00000e+00
  3658    0.00000e+00
  3659    0.00000e+00
  3660    0.00000e+00
  3661    0.00000e+00
  3662    0.00000e+00
  3663    0.00000e+00
  3664    0.00000e+00
  3665    0.00000e+00
  3666    0.00000e+00
  3667    0.00000e+00
  3668    0.00000e+00
  3669    0.00000e+00
  3670    0.00000e+00
  3671    0.00000e+00
  3672    0.00000e+00
  3673    0.00000e+00
  3674    0.00000e+00
  3675    0.00000e+00
  3676    0.00000e+00
  3677    0.00000e+00
  3678    0.00000e+00
  3679    0.00000e+00
  3680    0.00000e+00
  3681    0.00000e+00
  3682    0.00000e+00
  3683    0.00000e+00
  3684    0.00000e+00
  3685    0.00000e+00
  3686    0.00000e+00
  3687    0.00000e+00
  3688    0.00000e+00
  3689    0.00000e+00
  3690    0.00000e+00
  3691    0.00000e+00
  3692    0.00000e+00
  3693    0.00000e+00
  3694    0.00000e+00
  3695    0.00000e+00
  3696    0.00000e+00
  3697    0.00000e+00
  3698    0.00000e+00
  3699    0.00000e+00
  3700    0.00000e+00
  3701    0.00000e+00
  3702    0.00000e+00
  3703    0.00000e+00
  3704    0.00000e+00
  3705    0.00000e+00
  3706    0.00000e+00
  3707    0.00000e+00
  3708    0.00000e+00
  3709    0.00000e+00
  3710    0.00000e+00
  3711    0.00000e+00
  3712    0.00000e+00
  3713    0.00000e+00
  3714    0.00000e+00
  3715    0.00000e+00
  3716    0.00000e+00
  3717    0.00000e+00
  3718    0.00000e+00
  3719    0.00000e+00
  3720    0.00000e+00
  3721    0.00000e+00
  3722    0.00000e+00
  3723    0.00000e+00
  3724    0.00000e+00
  3725    0.00000e+00
  3726    0.00000e+00
  3727    0.00000e+00
  3728    0.00000e+00
  3729    0.00000e+00
  3730    0.00000e+00
  3731    0.00000e+00
  3732    0.00000e+00
  3733    0.00000e+00
  3734    0.00000e+00
  3735    0.00000e+00
  3736    0.00000e+00
  3737    0.00000e+00
  3738    0.00000e+00
  3739    0.00000e+00
  3740    0.00000e+00
  3741    0.00000e+00
  3742    0.00000e+00
  3743    0.00000e+00
  3744    0.00000e+00
  3745    0.00000e+00
  3746    0.00000e+00
  3747    0.00000e+00
  3748    0.00000e+00
  3749    0.00000e+00
  3750    0.00000e+00
  3751    0.00000e+00
  3752    0.00000e+00
  3753    0.00000e+00
  3754    0.00000e+00
  3755    0.00000e+00
  3756    0.00000e+00
  3757    0.00000e+00
  3758    0.00000e+00
  3759    0.00000e+00
  3760    0.00000e+00
  3761    0.00000e+00
  3762    0.00000e+00
  3763    0.00000e+00
  3764    0.00000e+00
  3765    0.00000e+00
  3766    0.00000e+00
  3767    0.00000e+00
  3768    0.00000e+00
  3769    0.00000e+00
  3770    0.00000e+00
  3771    0.00000e+00
  3772    0.00000e+00
  3773    0.00000e+00
  3774    0.00000e+00
  3775    0.00000e+00
  3776    0.00000e+00
  3777    0.00000e+00
  3778    0.00000e+00
  3779    0.00000e+00
  3780    0.00000e+00
  3781    0.00000e+00
  3782    0.00000e+00
  3783    0.00000e+00
  3784    0.00000e+00
  3785    0.00000e+00
  3786    0.00000e+00
  3787    0.00000e+00
  3788    0.00000e+00
  3789    0.00000e+00
  3790    0.00000e+00
  3791    0.00000e+00
  3792    0.00000e+00
  3793    0.00000e+00
  3794    0.00000e+00
  3795    0.00000e+00
  3796    0.00000e+00
  3797    0.00000e+00
  3798    0.00000e+00
  3799    0.00000e+00
  3800    0.00000e+00
  3801    0.00000e+00
  3802    0.00000e+00
  3803    0.00000e+00
  3804    0.00000e+00
  3805    0.00000e+00
  3806    0.00000e+00
  3807    0.00000e+00
  3808    0.00000e+00
  3809    0.00000e+00
  3810    0.00000e+00
  3811    0.00000e+00
  3812    0.00000e+00
  3813    0.00000e+00
  3814    0.00000e+00
  3815    0.00000e+00
  3816    0.00000e+00
  3817    0.00000e+00
  3818    0.00000e+00
  3819    0.00000e+00
  3820    0.00000e+00
  3821    0.00000e+00
  3822    0.00000e+00
  3823    0.00000e+00
  3824    0.00000e+00
  3825    0.00000e+00
  3826    0.00000e+00
  3827    0.00000e+00
  3828    0.00000e+00
  3829    0.00000e+00
  3830    0.00000e+00
  3831    0.00000e+00
  3832    0.00000e+00
  3833    0.00000e+00
  3834    0.00000e+00
  3835    0.00000e+00
  3836    0.00000e+00
  3837    0.00000e+00
  3838    0.00000e+00
  3839    0.00000e+00
  3840    0.00000e+00
  3841    0.00000e+00
  3842    0.00000e+00
  3843    0.00000e+00
  3844    0.00000e+00
  3845    0.00000e+00
  3846    0.00000e+00
  3847    0.00000e+00
  3848    0.00000e+00
  3849    0.00000e+00
  3850    0.00000e+00
  3851    0.00000e+00
  3852    0.00000e+00
  3853    0.00000e+00
  3854    0.00000e+00
  3855    0.00000e+00
  3856    0.00000e+00
  3857    0.00000e+00
  3858    0.00000e+00
  3859    0.00000e+00
  3860    0.00000e+00
  3861    0.00000e+00
  3862    0.00000e+00
  3863    0.00000e+00
  3864    0.00000e+00
  3865    0.00000e+00
  3866    0.00000e+00
  3867    0.00000e+00
  3868    0.00000e+00
  3869    0.00000e+00
  3870    0.00000e+00
  3871    0.00000e+00
  3872    0.00000e+00
  3873    0.00000e+00
  3874    0.00000e+00
  3875    0.00000e+00
  3876    0.00000e+00
  3877    0.00000e+00
  3878    0.00000e+00
  3879    0.00000e+00
  3880    0.00000e+00
  3881    0.00000e+00
  3882    0.00000e+00
  3883    0.00000e+00
  3884    0.00000e+00
  3885    0.00000e+00
  3886    0.00000e+00
  3887    0.00000e+00
  3888    0.00000e+00
  3889    0.00000e+00
  3890    0.00000e+00
  3891    0.00000e+00
  3892    0.00000e+00
  3893    0.00000e+00
  3894    0.00000e+00
  3895    0.00000e+00
  3896    0.00000e+00
  3897    0.00000e+00
  3898    0.00000e+00
  3899    0.00000e+00
  3900    0.00000e+00
  3901    0.00000e+00
  3902    0.00000e+00
  3903    0.00000e+00
  3904    0.00000e+00
  3905    0.00000e+00
  3906    0.00000e+00
  3907    0.00000e+00
  3908    0.00000e+00
  3909    0.00000e+00
  3910    0.00000e+00
  3911    0.00000e+00
  3912    0.00000e+00
  3913    0.00000e+00
  3914    0.00000e+00
  3915    0.00000e+00
  3916    0.00000e+00
  3917    0.00000e+00
  3918    0.00000e+00
  3919    0.00000e+00
  3920    0.00000e+00
  3921    0.00000e+00
  3922    0.00000e+00
  3923    0.00000e+00
  3924    0.00000e+00
  3925    0.00000e+00
  3926    0.00000e+00
  3927    0.00000e+00
  3928    0.00000e+00
  3929    0.00000e+00
  3930    0.00000e+00
  3931    0.00000e+00
  3932    0.00000e+00
  3933    0.00000e+00
  3934    0.00000e+00
  3935    0.00000e+00
  3936    0.00000e+00
  3937    0.00000e+00
  3938    0.00000e+00
  3939    0.00000e+00
  3940    0.00000e+00
  3941    0.00000e+00
  3942    0.00000e+00
  3943    0.00000e+00
  3944    0.00000e+00
  3945    0.00000e+00
  3946    0.00000e+00
  3947    0.00000e+00
  3948    0.00000e+00
  3949    0.00000e+00
  3950    0.00000e+00
  3951    0.00000e+00
  3952    0.00000e+00
  3953    0.00000e+00
  3954    0.00000e+00
  3955    0.00000e+00
  3956    0.00000e+00
  3957    0.00000e+00
  3958    0.00000e+00
  3959    0.00000e+00
  3960    0.00000e+00
  3961    0.00000e+00
  3962    0.00000e+00
  3963    0.00000e+00
  3964    0.00000e+00
  3965    0.00000e+00
  3966    0.00000e+00
  3967    0.00000e+00
  3968    0.00000e+00
  3969    0.00000e+00
  3970    0.00000e+00
  3971    0.00000e+00
  3972    0.00000e+00
  3973    0.00000e+00
  3974    0.00000e+00
  3975    0.00000e+00
  3976    0.00000e+00
  3977    0.00000e+00
  3978    0.00000e+00
  3979    0.00000e+00
  3980    0.00000e+00
  3981    0.00000e+00
  3982    0.00000e+00
  3983    0.00000e+00
  3984    0.00000e+00
  3985    0.00000e+00
  3986    0.00000e+00
  3987    0.00000e+00
  3988    0.00000e+00
  3989    0.00000e+00
  3990    0.00000e+00
  3991    0.00000e+00
  3992    0.00000e+00
  3993    0.00000e+00
  3994    0.00000e+00
  3995    0.00000e+00
  3996    0.00000e+00
  3997    0.00000e+00
  3998    0.00000e+00
  3999    0.00000e+00
  4000    0.00000e+00
