     2    7.67832e-08
     3    1.53567e-07
     4    2.55946e-07
     5    3.83920e-07
     6    5.37491e-07
     7    7.16658e-07
     8    9.21424e-07
     9    1.15179e-06
    10    1.40775e-06
    11    1.68932e-06
    12    1.99649e-06
    13    2.32926e-06
    14    2.68764e-06
    15    3.07163e-06
    16    3.48122e-06
    17    3.91643e-06
    18    4.37726e-06
    19    4.86369e-06
    20    5.37575e-06
    21    5.91343e-06
    22    6.47673e-06
    23    7.06566e-06
    24    7.68022e-06
    25    8.32041e-06
    26    8.98624e-06
    27    9.67771e-06
    28    1.03948e-05
    29    1.11376e-05
    30    1.19060e-05
    31    1.27000e-05
    32    1.35198e-05
    33    1.43651e-05
    34    1.52362e-05
    35    1.61329e-05
    36    1.70553e-05
    37    1.80034e-05
    38    1.89771e-05
    39    1.99766e-05
    40    2.10017e-05
    41    2.20525e-05
    42    2.31291e-05
    43    2.42313e-05
    44    2.53593e-05
    45    2.65130e-05
    46    2.76924e-05
    47    2.88976e-05
    48    3.01284e-05
    49    3.13851e-05
    50    3.26675e-05
    51    3.39756e-05
    52    3.53095e-05
    53    3.66692e-05
    54    3.80546e-05
    55    3.94659e-05
    56    4.09029e-05
    57    4.23657e-05
    58    4.38544e-05
    59    4.53688e-05
    60    4.69091e-05
    61    4.84752e-05
    62    5.00671e-05
    63    5.16849e-05
    64    5.33285e-05
    65    5.49980e-05
    66    5.66933e-05
    67    5.84146e-05
    68    6.01617e-05
    69    6.19347e-05
    70    6.37336e-05
    71    6.55584e-05
    72    6.74092e-05
    73    6.92859e-05
    74    7.11885e-05
    75    7.31171e-05
    76    7.50716e-05
    77    7.70521e-05
    78    7.90586e-05
    79    8.10910e-05
    80    8.31495e-05
    81    8.52340e-05
    82    8.73444e-05
    83    8.94810e-05
    84    9.16435e-05
    85    9.38321e-05
    86    9.60468e-05
    87    9.82875e-05
    88    1.00554e-04
    89    1.02847e-04
    90    1.05166e-04
    91    1.07511e-04
    92    1.09883e-04
    93    1.12280e-04
    94    1.14704e-04
    95    1.17153e-04
    96    1.19629e-04
    97    1.22131e-04
    98    1.24660e-04
    99    1.27214e-04
   100    1.29795e-04
   101    1.32402e-04
   102    1.35035e-04
   103    1.37695e-04
   104    1.40380e-04
   105    1.43093e-04
   106    1.45831e-04
   107    1.48596e-04
   108    1.51387e-04
   109    1.54204e-04
   110    1.57048e-04
   111    1.59918e-04
   112    1.62814e-04
   113    1.65737e-04
   114    1.68686e-04
   115    1.71662e-04
   116    1.74664e-04
   117    1.77693e-04
   118    1.80748e-04
   119    1.83830e-04
   120    1.86938e-04
   121    1.90072e-04
   122    1.93234e-04
   123    1.96421e-04
   124    1.99636e-04
   125    2.02876e-04
   126    2.06144e-04
   127    2.09438e-04
   128    2.12759e-04
   129    2.16106e-04
   130    2.19480e-04
   131    2.22881e-04
   132    2.26308e-04
   133    2.29762e-04
   134    2.33243e-04
   135    2.36751e-04
   136    2.40285e-04
   137    2.43846e-04
   138    2.47434e-04
   139    2.51049e-04
   140    2.54690e-04
   141    2.58359e-04
   142    2.62054e-04
   143    2.65776e-04
   144    2.69526e-04
   145    2.73302e-04
   146    2.77104e-04
   147    2.80934e-04
   148    2.84791e-04
   149    2.88675e-04
   150    2.92586e-04
   151    2.96524e-04
   152    3.00489e-04
   153    3.04481e-04
   154    3.08500e-04
   155    3.12547e-04
   156    3.16620e-04
   157    3.20721e-04
   158    3.24848e-04
   159    3.29003e-04
   160    3.33186e-04
   161    3.37395e-04
   162    3.41632e-04
   163    3.45895e-04
   164    3.50187e-04
   165    3.54505e-04
   166    3.58851e-04
   167    3.63224e-04
   168    3.67625e-04
   169    3.72053e-04
   170    3.76508e-04
   171    3.80991e-04
   172    3.85501e-04
   173    3.90039e-04
   174    3.94605e-04
   175    3.99197e-04
   176    4.03818e-04
   177    4.08466e-04
   178    4.13141e-04
   179    4.17844e-04
   180    4.22575e-04
   181    4.27334e-04
   182    4.32120e-04
   183    4.36934e-04
   184    4.41775e-04
   185    4.46645e-04
   186    4.51542e-04
   187    4.56467e-04
   188    4.61420e-04
   189    4.66400e-04
   190    4.71409e-04
   191    4.76445e-04
   192    4.81509e-04
   193    4.86602e-04
   194    4.91722e-04
   195    4.96870e-04
   196    5.02046e-04
   197    5.07251e-04
   198    5.12483e-04
   199    5.17743e-04
   200    5.23032e-04
   201    5.28349e-04
   202    5.33693e-04
   203    5.39066e-04
   204    5.44468e-04
   205    5.49897e-04
   206    5.55355e-04
   207    5.60841e-04
   208    5.66356e-04
   209    5.71898e-04
   210    5.77469e-04
   211    5.83069e-04
   212    5.88697e-04
   213    5.94353e-04
   214    6.00038e-04
   215    6.05752e-04
   216    6.11493e-04
   217    6.17264e-04
   218    6.23063e-04
   219    6.28891e-04
   220    6.34747e-04
   221    6.40632e-04
   222    6.46546e-04
   223    6.52488e-04
   224    6.58459e-04
   225    6.64459e-04
   226    6.70488e-04
   227    6.76546e-04
   228    6.82632e-04
   229    6.88747e-04
   230    6.94892e-04
   231    7.01065e-04
   232    7.07267e-04
   233    7.13498e-04
   234    7.19759e-04
   235    7.26048e-04
   236    7.32366e-04
   237    7.38714e-04
   238    7.45091e-04
   239    7.51497e-04
   240    7.57932e-04
   241    7.64396e-04
   242    7.70890e-04
   243    7.77413e-04
   244    7.83965e-04
   245    7.90546e-04
   246    7.97157e-04
   247    8.03798e-04
   248    8.10468e-04
   249    8.17167e-04
   250    8.23896e-04
   251    8.30655e-04
   252    8.37443e-04
   253    8.44260e-04
   254    8.51108e-04
   255    8.57985e-04
   256    8.64891e-04
   257    8.71828e-04
   258    8.78794e-04
   259    8.85790e-04
   260    8.92816e-04
   261    8.99872e-04
   262    9.06957e-04
   263    9.14073e-04
   264    9.21218e-04
   265    9.28394e-04
   266    9.35599e-04
   267    9.42835e-04
   268    9.50100e-04
   269    9.57396e-04
   270    9.64722e-04
   271    9.72078e-04
   272    9.79465e-04
   273    9.86881e-04
   274    9.94328e-04
   275    1.00181e-03
   276    1.00931e-03
   277    1.01685e-03
   278    1.02442e-03
   279    1.03202e-03
   280    1.03965e-03
   281    1.04731e-03
   282    1.05500e-03
   283    1.06272e-03
   284    1.07047e-03
   285    1.07825e-03
   286    1.08607e-03
   287    1.09391e-03
   288    1.10179e-03
   289    1.10969e-03
   290    1.11763e-03
   291    1.12560e-03
   292    1.13359e-03
   293    1.14162e-03
   294    1.14968e-03
   295    1.15777e-03
   296    1.16590e-03
   297    1.17405e-03
   298    1.18223e-03
   299    1.19045e-03
   300    1.19870e-03
   301    1.20697e-03
   302    1.21528e-03
   303    1.22363e-03
   304    1.23200e-03
   305    1.24040e-03
   306    1.24884e-03
   307    1.25730e-03
   308    1.26580e-03
   309    1.27433e-03
   310    1.28289e-03
   311    1.29148e-03
   312    1.30011e-03
   313    1.30876e-03
   314    1.31745e-03
   315    1.32617e-03
   316    1.33492e-03
   317    1.34371e-03
   318    1.35252e-03
   319    1.36137e-03
   320    1.37025e-03
   321    1.37916e-03
   322    1.38810e-03
   323    1.39708e-03
   324    1.40608e-03
   325    1.41512e-03
   326    1.42419e-03
   327    1.43330e-03
   328    1.44243e-03
   329    1.45160e-03
   330    1.46080e-03
   331    1.47004e-03
   332    1.47930e-03
   333    1.48860e-03
   334    1.49793e-03
   335    1.50730e-03
   336    1.51669e-03
   337    1.52612e-03
   338    1.53558e-03
   339    1.54508e-03
   340    1.55460e-03
   341    1.56416e-03
   342    1.57375e-03
   343    1.58338e-03
   344    1.59304e-03
   345    1.60273e-03
   346    1.61245e-03
   347    1.62221e-03
   348    1.63200e-03
   349    1.64183e-03
   350    1.65168e-03
   351    1.66157e-03
   352    1.67150e-03
   353    1.68145e-03
   354    1.69144e-03
   355    1.70147e-03
   356    1.71152e-03
   357    1.72161e-03
   358    1.73174e-03
   359    1.74189e-03
   360    1.75209e-03
   361    1.76231e-03
   362    1.77257e-03
   363    1.78286e-03
   364    1.79319e-03
   365    1.80355e-03
   366    1.81394e-03
   367    1.82437e-03
   368    1.83483e-03
   369    1.84532e-03
   370    1.85585e-03
   371    1.86642e-03
   372    1.87702e-03
   373    1.88765e-03
   374    1.89831e-03
   375    1.90901e-03
   376    1.91975e-03
   377    1.93052e-03
   378    1.94132e-03
   379    1.95216e-03
   380    1.96303e-03
   381    1.97394e-03
   382    1.98488e-03
   383    1.99586e-03
   384    2.00687e-03
   385    2.01792e-03
   386    2.02900e-03
   387    2.04011e-03
   388    2.05126e-03
   389    2.06245e-03
   390    2.07367e-03
   391    2.08492e-03
   392    2.09621e-03
   393    2.10754e-03
   394    2.11890e-03
   395    2.13030e-03
   396    2.14173e-03
   397    2.15319e-03
   398    2.16470e-03
   399    2.17623e-03
   400    2.18780e-03
   401    2.19941e-03
   402    2.21106e-03
   403    2.22274e-03
   404    2.23445e-03
   405    2.24620e-03
   406    2.25799e-03
   407    2.26981e-03
   408    2.28167e-03
   409    2.29356e-03
   410    2.30549e-03
   411    2.31746e-03
   412    2.32946e-03
   413    2.34149e-03
   414    2.35357e-03
   415    2.36568e-03
   416    2.37782e-03
   417    2.39001e-03
   418    2.40222e-03
   419    2.41448e-03
   420    2.42677e-03
   421    2.43910e-03
   422    2.45146e-03
   423    2.46386e-03
   424    2.47630e-03
   425    2.48878e-03
   426    2.50129e-03
   427    2.51383e-03
   428    2.52642e-03
   429    2.53904e-03
   430    2.55170e-03
   431    2.56439e-03
   432    2.57713e-03
   433    2.58990e-03
   434    2.60270e-03
   435    2.61555e-03
   436    2.62843e-03
   437    2.64134e-03
   438    2.65430e-03
   439    2.66729e-03
   440    2.68032e-03
   441    2.69339e-03
   442    2.70650e-03
   443    2.71964e-03
   444    2.73282e-03
   445    2.74604e-03
   446    2.75929e-03
   447    2.77259e-03
   448    2.78592e-03
   449    2.79929e-03
   450    2.81269e-03
   451    2.82614e-03
   452    2.83962e-03
   453    2.85314e-03
   454    2.86670e-03
   455    2.88030e-03
   456    2.89394e-03
   457    2.90761e-03
   458    2.92133e-03
   459    2.93508e-03
   460    2.94887e-03
   461    2.96269e-03
   462    2.97656e-03
   463    2.99047e-03
   464    3.00441e-03
   465    3.01839e-03
   466    3.03241e-03
   467    3.04648e-03
   468    3.06057e-03
   469    3.07471e-03
   470    3.08889e-03
   471    3.10311e-03
   472    3.11736e-03
   473    3.13166e-03
   474    3.14599e-03
   475    3.16036e-03
   476    3.17478e-03
   477    3.18923e-03
   478    3.20372e-03
   479    3.21825e-03
   480    3.23282e-03
   481    3.24743e-03
   482    3.26208e-03
   483    3.27677e-03
   484    3.29150e-03
   485    3.30627e-03
   486    3.32108e-03
   487    3.33593e-03
   488    3.35082e-03
   489    3.36575e-03
   490    3.38072e-03
   491    3.39573e-03
   492    3.41078e-03
   493    3.42587e-03
   494    3.44100e-03
   495    3.45617e-03
   496    3.47138e-03
   497    3.48663e-03
   498    3.50192e-03
   499    3.51726e-03
   500    3.53263e-03
   501    3.54805e-03
   502    3.56350e-03
   503    3.57900e-03
   504    3.59454e-03
   505    3.61011e-03
   506    3.62573e-03
   507    3.64139e-03
   508    3.65709e-03
   509    3.67284e-03
   510    3.68862e-03
   511    3.70445e-03
   512    3.72031e-03
   513    3.73622e-03
   514    3.75217e-03
   515    3.76816e-03
   516    3.78420e-03
   517    3.80027e-03
   518    3.81639e-03
   519    3.83255e-03
   520    3.84875e-03
   521    3.86499e-03
   522    3.88127e-03
   523    3.89760e-03
   524    3.91397e-03
   525    3.93038e-03
   526    3.94683e-03
   527    3.96333e-03
   528    3.97986e-03
   529    3.99644e-03
   530    4.01306e-03
   531    4.02973e-03
   532    4.04644e-03
   533    4.06319e-03
   534    4.07998e-03
   535    4.09682e-03
   536    4.11369e-03
   537    4.13062e-03
   538    4.14758e-03
   539    4.16459e-03
   540    4.18164e-03
   541    4.19873e-03
   542    4.21587e-03
   543    4.23305e-03
   544    4.25027e-03
   545    4.26754e-03
   546    4.28485e-03
   547    4.30220e-03
   548    4.31960e-03
   549    4.33704e-03
   550    4.35452e-03
   551    4.37205e-03
   552    4.38962e-03
   553    4.40724e-03
   554    4.42490e-03
   555    4.44261e-03
   556    4.46035e-03
   557    4.47815e-03
   558    4.49598e-03
   559    4.51386e-03
   560    4.53179e-03
   561    4.54976e-03
   562    4.56777e-03
   563    4.58583e-03
   564    4.60393e-03
   565    4.62208e-03
   566    4.64027e-03
   567    4.65851e-03
   568    4.67679e-03
   569    4.69512e-03
   570    4.71349e-03
   571    4.73191e-03
   572    4.75037e-03
   573    4.76888e-03
   574    4.78743e-03
   575    4.80603e-03
   576    4.82467e-03
   577    4.84336e-03
   578    4.86210e-03
   579    4.88088e-03
   580    4.89970e-03
   581    4.91857e-03
   582    4.93749e-03
   583    4.95645e-03
   584    4.97546e-03
   585    4.99451e-03
   586    5.01362e-03
   587    5.03276e-03
   588    5.05195e-03
   589    5.07119e-03
   590    5.09048e-03
   591    5.10981e-03
   592    5.12919e-03
   593    5.14861e-03
   594    5.16808e-03
   595    5.18760e-03
   596    5.20717e-03
   597    5.22678e-03
   598    5.24643e-03
   599    5.26614e-03
   600    5.28589e-03
   601    5.30569e-03
   602    5.32554e-03
   603    5.34543e-03
   604    5.36537e-03
   605    5.38536e-03
   606    5.40539e-03
   607    5.42547e-03
   608    5.44560e-03
   609    5.46578e-03
   610    5.48601e-03
   611    5.50628e-03
   612    5.52660e-03
   613    5.54697e-03
   614    5.56738e-03
   615    5.58785e-03
   616    5.60836e-03
   617    5.62892e-03
   618    5.64953e-03
   619    5.67019e-03
   620    5.69089e-03
   621    5.71164e-03
   622    5.73245e-03
   623    5.75330e-03
   624    5.77420e-03
   625    5.79514e-03
   626    5.81614e-03
   627    5.83718e-03
   628    5.85828e-03
   629    5.87942e-03
   630    5.90061e-03
   631    5.92186e-03
   632    5.94315e-03
   633    5.96449e-03
   634    5.98587e-03
   635    6.00731e-03
   636    6.02880e-03
   637    6.05034e-03
   638    6.07192e-03
   639    6.09356e-03
   640    6.11525e-03
   641    6.13698e-03
   642    6.15877e-03
   643    6.18060e-03
   644    6.20249e-03
   645    6.22442e-03
   646    6.24641e-03
   647    6.26845e-03
   648    6.29053e-03
   649    6.31267e-03
   650    6.33486e-03
   651    6.35710e-03
   652    6.37938e-03
   653    6.40172e-03
   654    6.42411e-03
   655    6.44655e-03
   656    6.46904e-03
   657    6.49159e-03
   658    6.51418e-03
   659    6.53682e-03
   660    6.55952e-03
   661    6.58227e-03
   662    6.60506e-03
   663    6.62791e-03
   664    6.65082e-03
   665    6.67377e-03
   666    6.69677e-03
   667    6.71983e-03
   668    6.74294e-03
   669    6.76610e-03
   670    6.78931e-03
   671    6.81257e-03
   672    6.83589e-03
   673    6.85925e-03
   674    6.88267e-03
   675    6.90614e-03
   676    6.92967e-03
   677    6.95325e-03
   678    6.97687e-03
   679    7.00056e-03
   680    7.02429e-03
   681    7.04808e-03
   682    7.07192e-03
   683    7.09581e-03
   684    7.11976e-03
   685    7.14376e-03
   686    7.16781e-03
   687    7.19191e-03
   688    7.21607e-03
   689    7.24028e-03
   690    7.26455e-03
   691    7.28887e-03
   692    7.31324e-03
   693    7.33767e-03
   694    7.36214e-03
   695    7.38668e-03
   696    7.41127e-03
   697    7.43591e-03
   698    7.46060e-03
   699    7.48535e-03
   700    7.51015e-03
   701    7.53501e-03
   702    7.55992e-03
   703    7.58489e-03
   704    7.60991e-03
   705    7.63499e-03
   706    7.66012e-03
   707    7.68530e-03
   708    7.71054e-03
   709    7.73584e-03
   710    7.76119e-03
   711    7.78659e-03
   712    7.81205e-03
   713    7.83757e-03
   714    7.86314e-03
   715    7.88876e-03
   716    7.91444e-03
   717    7.94018e-03
   718    7.96597e-03
   719    7.99182e-03
   720    8.01772e-03
   721    8.04368e-03
   722    8.06970e-03
   723    8.09577e-03
   724    8.12189e-03
   725    8.14808e-03
   726    8.17432e-03
   727    8.20061e-03
   728    8.22697e-03
   729    8.25337e-03
   730    8.27984e-03
   731    8.30636e-03
   732    8.33294e-03
   733    8.35958e-03
   734    8.38627e-03
   735    8.41302e-03
   736    8.43982e-03
   737    8.46669e-03
   738    8.49361e-03
   739    8.52058e-03
   740    8.54762e-03
   741    8.57471e-03
   742    8.60186e-03
   743    8.62907e-03
   744    8.65634e-03
   745    8.68366e-03
   746    8.71104e-03
   747    8.73848e-03
   748    8.76598e-03
   749    8.79353e-03
   750    8.82115e-03
   751    8.84882e-03
   752    8.87655e-03
   753    8.90433e-03
   754    8.93218e-03
   755    8.96009e-03
   756    8.98805e-03
   757    9.01607e-03
   758    9.04416e-03
   759    9.07230e-03
   760    9.10050e-03
   761    9.12876e-03
   762    9.15707e-03
   763    9.18545e-03
   764    9.21389e-03
   765    9.24238e-03
   766    9.27094e-03
   767    9.29955e-03
   768    9.32823e-03
   769    9.35696e-03
   770    9.38576e-03
   771    9.41461e-03
   772    9.44353e-03
   773    9.47250e-03
   774    9.50154e-03
   775    9.53063e-03
   776    9.55979e-03
   777    9.58900e-03
   778    9.61828e-03
   779    9.64762e-03
   780    9.67701e-03
   781    9.70647e-03
   782    9.73599e-03
   783    9.76557e-03
   784    9.79521e-03
   785    9.82492e-03
   786    9.85468e-03
   787    9.88451e-03
   788    9.91439e-03
   789    9.94434e-03
   790    9.97435e-03
   791    1.00044e-02
   792    1.00346e-02
   793    1.00648e-02
   794    1.00950e-02
   795    1.01253e-02
   796    1.01557e-02
   797    1.01862e-02
   798    1.02167e-02
   799    1.02472e-02
   800    1.02779e-02
   801    1.03085e-02
   802    1.03393e-02
   803    1.03701e-02
   804    1.04010e-02
   805    1.04319e-02
   806    1.04630e-02
   807    1.04940e-02
   808    1.05252e-02
   809    1.05564e-02
   810    1.05876e-02
   811    1.06189e-02
   812    1.06503e-02
   813    1.06818e-02
   814    1.07133e-02
   815    1.07449e-02
   816    1.07765e-02
   817    1.08082e-02
   818    1.08400e-02
   819    1.08718e-02
   820    1.09037e-02
   821    1.09357e-02
   822    1.09677e-02
   823    1.09998e-02
   824    1.10320e-02
   825    1.10642e-02
   826    1.10965e-02
   827    1.11288e-02
   828    1.11612e-02
   829    1.11937e-02
   830    1.12263e-02
   831    1.12589e-02
   832    1.12916e-02
   833    1.13243e-02
   834    1.13571e-02
   835    1.13900e-02
   836    1.14229e-02
   837    1.14559e-02
   838    1.14890e-02
   839    1.15221e-02
   840    1.15553e-02
   841    1.15886e-02
   842    1.16219e-02
   843    1.16553e-02
   844    1.16888e-02
   845    1.17224e-02
   846    1.17560e-02
   847    1.17896e-02
   848    1.18234e-02
   849    1.18572e-02
   850    1.18910e-02
   851    1.19250e-02
   852    1.19590e-02
   853    1.19930e-02
   854    1.20272e-02
   855    1.20614e-02
   856    1.20957e-02
   857    1.21300e-02
   858    1.21644e-02
   859    1.21989e-02
   860    1.22334e-02
   861    1.22681e-02
   862    1.23027e-02
   863    1.23375e-02
   864    1.23723e-02
   865    1.24072e-02
   866    1.24422e-02
   867    1.24772e-02
   868    1.25123e-02
   869    1.25474e-02
   870    1.25827e-02
   871    1.26180e-02
   872    1.26533e-02
   873    1.26888e-02
   874    1.27243e-02
   875    1.27599e-02
   876    1.27955e-02
   877    1.28312e-02
   878    1.28670e-02
   879    1.29029e-02
   880    1.29388e-02
   881    1.29748e-02
   882    1.30109e-02
   883    1.30470e-02
   884    1.30832e-02
   885    1.31195e-02
   886    1.31558e-02
   887    1.31923e-02
   888    1.32288e-02
   889    1.32653e-02
   890    1.33020e-02
   891    1.33387e-02
   892    1.33754e-02
   893    1.34123e-02
   894    1.34492e-02
   895    1.34862e-02
   896    1.35233e-02
   897    1.35604e-02
   898    1.35976e-02
   899    1.36349e-02
   900    1.36722e-02
   901    1.37096e-02
   902    1.37471e-02
   903    1.37847e-02
   904    1.38223e-02
   905    1.38600e-02
   906    1.38978e-02
   907    1.39357e-02
   908    1.39736e-02
   909    1.40116e-02
   910    1.40497e-02
   911    1.40878e-02
   912    1.41261e-02
   913    1.41644e-02
   914    1.42027e-02
   915    1.42412e-02
   916    1.42797e-02
   917    1.43183e-02
   918    1.43569e-02
   919    1.43957e-02
   920    1.44345e-02
   921    1.44734e-02
   922    1.45123e-02
   923    1.45514e-02
   924    1.45905e-02
   925    1.46297e-02
   926    1.46689e-02
   927    1.47082e-02
   928    1.47476e-02
   929    1.47871e-02
   930    1.48267e-02
   931    1.48663e-02
   932    1.49060e-02
   933    1.49458e-02
   934    1.49857e-02
   935    1.50256e-02
   936    1.50656e-02
   937    1.51057e-02
   938    1.51459e-02
   939    1.51861e-02
   940    1.52264e-02
   941    1.52668e-02
   942    1.53073e-02
   943    1.53478e-02
   944    1.53885e-02
   945    1.54292e-02
   946    1.54699e-02
   947    1.55108e-02
   948    1.55517e-02
   949    1.55927e-02
   950    1.56338e-02
   951    1.56750e-02
   952    1.57162e-02
   953    1.57575e-02
   954    1.57989e-02
   955    1.58404e-02
   956    1.58820e-02
   957    1.59236e-02
   958    1.59653e-02
   959    1.60071e-02
   960    1.60489e-02
   961    1.60909e-02
   962    1.61329e-02
   963    1.61750e-02
   964    1.62172e-02
   965    1.62595e-02
   966    1.63018e-02
   967    1.63442e-02
   968    1.63867e-02
   969    1.64293e-02
   970    1.64719e-02
   971    1.65147e-02
   972    1.65575e-02
   973    1.66004e-02
   974    1.66434e-02
   975    1.66864e-02
   976    1.67296e-02
   977    1.67728e-02
   978    1.68161e-02
   979    1.68594e-02
   980    1.69029e-02
   981    1.69464e-02
   982    1.69901e-02
   983    1.70338e-02
   984    1.70775e-02
   985    1.71214e-02
   986    1.71654e-02
   987    1.72094e-02
   988    1.72535e-02
   989    1.72977e-02
   990    1.73420e-02
   991    1.73863e-02
   992    1.74308e-02
   993    1.74753e-02
   994    1.75199e-02
   995    1.75646e-02
   996    1.76093e-02
   997    1.76542e-02
   998    1.76991e-02
   999    1.77441e-02
  1000    1.77892e-02
  1001    1.78344e-02
  1002    1.78797e-02
  1003    1.79250e-02
  1004    1.79705e-02
  1005    1.80160e-02
  1006    1.80616e-02
  1007    1.81073e-02
  1008    1.81530e-02
  1009    1.81989e-02
  1010    1.82448e-02
  1011    1.82908e-02
  1012    1.83369e-02
  1013    1.83831e-02
  1014    1.84294e-02
  1015    1.84758e-02
  1016    1.85222e-02
  1017    1.85688e-02
  1018    1.86154e-02
  1019    1.86621e-02
  1020    1.87089e-02
  1021    1.87557e-02
  1022    1.88027e-02
  1023    1.88497e-02
  1024    1.88969e-02
  1025    1.89441e-02
  1026    1.89914e-02
  1027    1.90388e-02
  1028    1.90863e-02
  1029    1.91338e-02
  1030    1.91815e-02
  1031    1.92292e-02
  1032    1.92770e-02
  1033    1.93250e-02
  1034    1.93730e-02
  1035    1.94210e-02
  1036    1.94692e-02
  1037    1.95175e-02
  1038    1.95658e-02
  1039    1.96143e-02
  1040    1.96628e-02
  1041    1.97114e-02
  1042    1.97601e-02
  1043    1.98089e-02
  1044    1.98578e-02
  1045    1.99068e-02
  1046    1.99558e-02
  1047    2.00050e-02
  1048    2.00542e-02
  1049    2.01035e-02
  1050    2.01529e-02
  1051    2.02024e-02
  1052    2.02520e-02
  1053    2.03017e-02
  1054    2.03515e-02
  1055    2.04014e-02
  1056    2.04513e-02
  1057    2.05014e-02
  1058    2.05515e-02
  1059    2.06017e-02
  1060    2.06520e-02
  1061    2.07024e-02
  1062    2.07529e-02
  1063    2.08035e-02
  1064    2.08542e-02
  1065    2.09050e-02
  1066    2.09559e-02
  1067    2.10068e-02
  1068    2.10579e-02
  1069    2.11090e-02
  1070    2.11602e-02
  1071    2.12115e-02
  1072    2.12630e-02
  1073    2.13145e-02
  1074    2.13661e-02
  1075    2.14178e-02
  1076    2.14696e-02
  1077    2.15214e-02
  1078    2.15734e-02
  1079    2.16255e-02
  1080    2.16776e-02
  1081    2.17299e-02
  1082    2.17822e-02
  1083    2.18347e-02
  1084    2.18872e-02
  1085    2.19398e-02
  1086    2.19926e-02
  1087    2.20454e-02
  1088    2.20983e-02
  1089    2.21513e-02
  1090    2.22044e-02
  1091    2.22576e-02
  1092    2.23109e-02
  1093    2.23643e-02
  1094    2.24178e-02
  1095    2.24713e-02
  1096    2.25250e-02
  1097    2.25788e-02
  1098    2.26326e-02
  1099    2.26866e-02
  1100    2.27407e-02
  1101    2.27948e-02
  1102    2.28491e-02
  1103    2.29034e-02
  1104    2.29579e-02
  1105    2.30124e-02
  1106    2.30670e-02
  1107    2.31218e-02
  1108    2.31766e-02
  1109    2.32315e-02
  1110    2.32866e-02
  1111    2.33417e-02
  1112    2.33969e-02
  1113    2.34522e-02
  1114    2.35077e-02
  1115    2.35632e-02
  1116    2.36188e-02
  1117    2.36745e-02
  1118    2.37303e-02
  1119    2.37862e-02
  1120    2.38422e-02
  1121    2.38984e-02
  1122    2.39546e-02
  1123    2.40109e-02
  1124    2.40673e-02
  1125    2.41238e-02
  1126    2.41804e-02
  1127    2.42371e-02
  1128    2.42939e-02
  1129    2.43508e-02
  1130    2.44079e-02
  1131    2.44650e-02
  1132    2.45222e-02
  1133    2.45795e-02
  1134    2.46369e-02
  1135    2.46944e-02
  1136    2.47521e-02
  1137    2.48098e-02
  1138    2.48676e-02
  1139    2.49255e-02
  1140    2.49835e-02
  1141    2.50417e-02
  1142    2.50999e-02
  1143    2.51582e-02
  1144    2.52167e-02
  1145    2.52752e-02
  1146    2.53339e-02
  1147    2.53926e-02
  1148    2.54515e-02
  1149    2.55104e-02
  1150    2.55695e-02
  1151    2.56286e-02
  1152    2.56879e-02
  1153    2.57472e-02
  1154    2.58067e-02
  1155    2.58663e-02
  1156    2.59260e-02
  1157    2.59858e-02
  1158    2.60457e-02
  1159    2.61056e-02
  1160    2.61658e-02
  1161    2.62260e-02
  1162    2.62863e-02
  1163    2.63467e-02
  1164    2.64072e-02
  1165    2.64678e-02
  1166    2.65286e-02
  1167    2.65894e-02
  1168    2.66504e-02
  1169    2.67114e-02
  1170    2.67726e-02
  1171    2.68338e-02
  1172    2.68952e-02
  1173    2.69567e-02
  1174    2.70183e-02
  1175    2.70800e-02
  1176    2.71418e-02
  1177    2.72037e-02
  1178    2.72657e-02
  1179    2.73279e-02
  1180    2.73901e-02
  1181    2.74524e-02
  1182    2.75149e-02
  1183    2.75775e-02
  1184    2.76401e-02
  1185    2.77029e-02
  1186    2.77658e-02
  1187    2.78288e-02
  1188    2.78919e-02
  1189    2.79551e-02
  1190    2.80185e-02
  1191    2.80819e-02
  1192    2.81455e-02
  1193    2.82091e-02
  1194    2.82729e-02
  1195    2.83368e-02
  1196    2.84008e-02
  1197    2.84649e-02
  1198    2.85291e-02
  1199    2.85934e-02
  1200    2.86579e-02
  1201    2.87224e-02
  1202    2.87871e-02
  1203    2.88519e-02
  1204    2.89167e-02
  1205    2.89818e-02
  1206    2.90469e-02
  1207    2.91121e-02
  1208    2.91774e-02
  1209    2.92429e-02
  1210    2.93084e-02
  1211    2.93741e-02
  1212    2.94399e-02
  1213    2.95058e-02
  1214    2.95719e-02
  1215    2.96380e-02
  1216    2.97042e-02
  1217    2.97706e-02
  1218    2.98371e-02
  1219    2.99037e-02
  1220    2.99704e-02
  1221    3.00372e-02
  1222    3.01041e-02
  1223    3.01712e-02
  1224    3.02384e-02
  1225    3.03057e-02
  1226    3.03731e-02
  1227    3.04406e-02
  1228    3.05082e-02
  1229    3.05760e-02
  1230    3.06438e-02
  1231    3.07118e-02
  1232    3.07799e-02
  1233    3.08482e-02
  1234    3.09165e-02
  1235    3.09850e-02
  1236    3.10535e-02
  1237    3.11222e-02
  1238    3.11910e-02
  1239    3.12600e-02
  1240    3.13290e-02
  1241    3.13982e-02
  1242    3.14675e-02
  1243    3.15369e-02
  1244    3.16064e-02
  1245    3.16760e-02
  1246    3.17458e-02
  1247    3.18157e-02
  1248    3.18857e-02
  1249    3.19558e-02
  1250    3.20261e-02
  1251    3.20964e-02
  1252    3.21669e-02
  1253    3.22375e-02
  1254    3.23082e-02
  1255    3.23791e-02
  1256    3.24501e-02
  1257    3.25212e-02
  1258    3.25924e-02
  1259    3.26637e-02
  1260    3.27352e-02
  1261    3.28068e-02
  1262    3.28785e-02
  1263    3.29503e-02
  1264    3.30222e-02
  1265    3.30943e-02
  1266    3.31665e-02
  1267    3.32388e-02
  1268    3.33113e-02
  1269    3.33838e-02
  1270    3.34565e-02
  1271    3.35293e-02
  1272    3.36023e-02
  1273    3.36753e-02
  1274    3.37485e-02
  1275    3.38219e-02
  1276    3.38953e-02
  1277    3.39689e-02
  1278    3.40426e-02
  1279    3.41164e-02
  1280    3.41903e-02
  1281    3.42644e-02
  1282    3.43386e-02
  1283    3.44129e-02
  1284    3.44874e-02
  1285    3.45619e-02
  1286    3.46366e-02
  1287    3.47115e-02
  1288    3.47864e-02
  1289    3.48615e-02
  1290    3.49367e-02
  1291    3.50121e-02
  1292    3.50875e-02
  1293    3.51631e-02
  1294    3.52389e-02
  1295    3.53147e-02
  1296    3.53907e-02
  1297    3.54668e-02
  1298    3.55431e-02
  1299    3.56195e-02
  1300    3.56960e-02
  1301    3.57726e-02
  1302    3.58494e-02
  1303    3.59263e-02
  1304    3.60033e-02
  1305    3.60804e-02
  1306    3.61577e-02
  1307    3.62352e-02
  1308    3.63127e-02
  1309    3.63904e-02
  1310    3.64682e-02
  1311    3.65462e-02
  1312    3.66242e-02
  1313    3.67024e-02
  1314    3.67808e-02
  1315    3.68593e-02
  1316    3.69379e-02
  1317    3.70166e-02
  1318    3.70955e-02
  1319    3.71745e-02
  1320    3.72537e-02
  1321    3.73329e-02
  1322    3.74124e-02
  1323    3.74919e-02
  1324    3.75716e-02
  1325    3.76514e-02
  1326    3.77314e-02
  1327    3.78115e-02
  1328    3.78917e-02
  1329    3.79720e-02
  1330    3.80525e-02
  1331    3.81332e-02
  1332    3.82139e-02
  1333    3.82949e-02
  1334    3.83759e-02
  1335    3.84571e-02
  1336    3.85384e-02
  1337    3.86198e-02
  1338    3.87014e-02
  1339    3.87832e-02
  1340    3.88650e-02
  1341    3.89470e-02
  1342    3.90292e-02
  1343    3.91115e-02
  1344    3.91939e-02
  1345    3.92765e-02
  1346    3.93592e-02
  1347    3.94420e-02
  1348    3.95250e-02
  1349    3.96081e-02
  1350    3.96914e-02
  1351    3.97748e-02
  1352    3.98583e-02
  1353    3.99420e-02
  1354    4.00258e-02
  1355    4.01098e-02
  1356    4.01939e-02
  1357    4.02782e-02
  1358    4.03626e-02
  1359    4.04471e-02
  1360    4.05318e-02
  1361    4.06166e-02
  1362    4.07015e-02
  1363    4.07866e-02
  1364    4.08719e-02
  1365    4.09573e-02
  1366    4.10428e-02
  1367    4.11285e-02
  1368    4.12143e-02
  1369    4.13003e-02
  1370    4.13864e-02
  1371    4.14727e-02
  1372    4.15591e-02
  1373    4.16456e-02
  1374    4.17323e-02
  1375    4.18192e-02
  1376    4.19061e-02
  1377    4.19933e-02
  1378    4.20805e-02
  1379    4.21680e-02
  1380    4.22555e-02
  1381    4.23433e-02
  1382    4.24311e-02
  1383    4.25191e-02
  1384    4.26073e-02
  1385    4.26956e-02
  1386    4.27841e-02
  1387    4.28727e-02
  1388    4.29614e-02
  1389    4.30503e-02
  1390    4.31394e-02
  1391    4.32286e-02
  1392    4.33179e-02
  1393    4.34074e-02
  1394    4.34971e-02
  1395    4.35869e-02
  1396    4.36768e-02
  1397    4.37669e-02
  1398    4.38572e-02
  1399    4.39476e-02
  1400    4.40382e-02
  1401    4.41289e-02
  1402    4.42197e-02
  1403    4.43107e-02
  1404    4.44019e-02
  1405    4.44932e-02
  1406    4.45847e-02
  1407    4.46763e-02
  1408    4.47681e-02
  1409    4.48600e-02
  1410    4.49521e-02
  1411    4.50443e-02
  1412    4.51367e-02
  1413    4.52293e-02
  1414    4.53220e-02
  1415    4.54148e-02
  1416    4.55079e-02
  1417    4.56010e-02
  1418    4.56943e-02
  1419    4.57878e-02
  1420    4.58815e-02
  1421    4.59752e-02
  1422    4.60692e-02
  1423    4.61633e-02
  1424    4.62576e-02
  1425    4.63520e-02
  1426    4.64466e-02
  1427    4.65413e-02
  1428    4.66362e-02
  1429    4.67312e-02
  1430    4.68264e-02
  1431    4.69218e-02
  1432    4.70173e-02
  1433    4.71130e-02
  1434    4.72089e-02
  1435    4.73049e-02
  1436    4.74010e-02
  1437    4.74974e-02
  1438    4.75939e-02
  1439    4.76905e-02
  1440    4.77873e-02
  1441    4.78843e-02
  1442    4.79814e-02
  1443    4.80787e-02
  1444    4.81762e-02
  1445    4.82738e-02
  1446    4.83716e-02
  1447    4.84695e-02
  1448    4.85676e-02
  1449    4.86659e-02
  1450    4.87643e-02
  1451    4.88629e-02
  1452    4.89617e-02
  1453    4.90606e-02
  1454    4.91597e-02
  1455    4.92589e-02
  1456    4.93584e-02
  1457    4.94579e-02
  1458    4.95577e-02
  1459    4.96576e-02
  1460    4.97577e-02
  1461    4.98579e-02
  1462    4.99583e-02
  1463    5.00589e-02
  1464    5.01597e-02
  1465    5.02606e-02
  1466    5.03617e-02
  1467    5.04629e-02
  1468    5.05643e-02
  1469    5.06659e-02
  1470    5.07677e-02
  1471    5.08696e-02
  1472    5.09717e-02
  1473    5.10740e-02
  1474    5.11764e-02
  1475    5.12790e-02
  1476    5.13818e-02
  1477    5.14847e-02
  1478    5.15878e-02
  1479    5.16911e-02
  1480    5.17946e-02
  1481    5.18982e-02
  1482    5.20020e-02
  1483    5.21060e-02
  1484    5.22101e-02
  1485    5.23145e-02
  1486    5.24189e-02
  1487    5.25236e-02
  1488    5.26284e-02
  1489    5.27335e-02
  1490    5.28386e-02
  1491    5.29440e-02
  1492    5.30495e-02
  1493    5.31552e-02
  1494    5.32611e-02
  1495    5.33672e-02
  1496    5.34734e-02
  1497    5.35798e-02
  1498    5.36864e-02
  1499    5.37932e-02
  1500    5.39001e-02
  1501    5.40072e-02
  1502    5.41145e-02
  1503    5.42220e-02
  1504    5.43296e-02
  1505    5.44374e-02
  1506    5.45455e-02
  1507    5.46536e-02
  1508    5.47620e-02
  1509    5.48705e-02
  1510    5.49793e-02
  1511    5.50882e-02
  1512    5.51972e-02
  1513    5.53065e-02
  1514    5.54159e-02
  1515    5.55255e-02
  1516    5.56353e-02
  1517    5.57453e-02
  1518    5.58555e-02
  1519    5.59658e-02
  1520    5.60764e-02
  1521    5.61871e-02
  1522    5.62980e-02
  1523    5.64090e-02
  1524    5.65203e-02
  1525    5.66317e-02
  1526    5.67434e-02
  1527    5.68552e-02
  1528    5.69672e-02
  1529    5.70793e-02
  1530    5.71917e-02
  1531    5.73043e-02
  1532    5.74170e-02
  1533    5.75299e-02
  1534    5.76430e-02
  1535    5.77563e-02
  1536    5.78698e-02
  1537    5.79835e-02
  1538    5.80973e-02
  1539    5.82114e-02
  1540    5.83256e-02
  1541    5.84400e-02
  1542    5.85546e-02
  1543    5.86694e-02
  1544    5.87844e-02
  1545    5.88995e-02
  1546    5.90149e-02
  1547    5.91305e-02
  1548    5.92462e-02
  1549    5.93621e-02
  1550    5.94783e-02
  1551    5.95946e-02
  1552    5.97111e-02
  1553    5.98278e-02
  1554    5.99447e-02
  1555    6.00617e-02
  1556    6.01790e-02
  1557    6.02965e-02
  1558    6.04141e-02
  1559    6.05320e-02
  1560    6.06500e-02
  1561    6.07683e-02
  1562    6.08867e-02
  1563    6.10053e-02
  1564    6.11241e-02
  1565    6.12432e-02
  1566    6.13624e-02
  1567    6.14818e-02
  1568    6.16014e-02
  1569    6.17212e-02
  1570    6.18412e-02
  1571    6.19614e-02
  1572    6.20818e-02
  1573    6.22024e-02
  1574    6.23231e-02
  1575    6.24441e-02
  1576    6.25653e-02
  1577    6.26867e-02
  1578    6.28083e-02
  1579    6.29301e-02
  1580    6.30520e-02
  1581    6.31742e-02
  1582    6.32966e-02
  1583    6.34192e-02
  1584    6.35420e-02
  1585    6.36649e-02
  1586    6.37881e-02
  1587    6.39115e-02
  1588    6.40351e-02
  1589    6.41589e-02
  1590    6.42829e-02
  1591    6.44071e-02
  1592    6.45315e-02
  1593    6.46561e-02
  1594    6.47809e-02
  1595    6.49059e-02
  1596    6.50311e-02
  1597    6.51565e-02
  1598    6.52821e-02
  1599    6.54080e-02
  1600    6.55340e-02
  1601    6.56603e-02
  1602    6.57867e-02
  1603    6.59134e-02
  1604    6.60402e-02
  1605    6.61673e-02
  1606    6.62946e-02
  1607    6.64221e-02
  1608    6.65498e-02
  1609    6.66777e-02
  1610    6.68058e-02
  1611    6.69341e-02
  1612    6.70626e-02
  1613    6.71914e-02
  1614    6.73203e-02
  1615    6.74495e-02
  1616    6.75789e-02
  1617    6.77084e-02
  1618    6.78382e-02
  1619    6.79682e-02
  1620    6.80985e-02
  1621    6.82289e-02
  1622    6.83595e-02
  1623    6.84904e-02
  1624    6.86215e-02
  1625    6.87528e-02
  1626    6.88843e-02
  1627    6.90160e-02
  1628    6.91479e-02
  1629    6.92800e-02
  1630    6.94124e-02
  1631    6.95450e-02
  1632    6.96778e-02
  1633    6.98108e-02
  1634    6.99440e-02
  1635    7.00774e-02
  1636    7.02111e-02
  1637    7.03450e-02
  1638    7.04791e-02
  1639    7.06134e-02
  1640    7.07479e-02
  1641    7.08827e-02
  1642    7.10176e-02
  1643    7.11528e-02
  1644    7.12882e-02
  1645    7.14239e-02
  1646    7.15597e-02
  1647    7.16958e-02
  1648    7.18321e-02
  1649    7.19686e-02
  1650    7.21053e-02
  1651    7.22423e-02
  1652    7.23795e-02
  1653    7.25169e-02
  1654    7.26545e-02
  1655    7.27924e-02
  1656    7.29304e-02
  1657    7.30688e-02
  1658    7.32073e-02
  1659    7.33460e-02
  1660    7.34850e-02
  1661    7.36242e-02
  1662    7.37636e-02
  1663    7.39033e-02
  1664    7.40432e-02
  1665    7.41833e-02
  1666    7.43236e-02
  1667    7.44642e-02
  1668    7.46050e-02
  1669    7.47460e-02
  1670    7.48873e-02
  1671    7.50287e-02
  1672    7.51705e-02
  1673    7.53124e-02
  1674    7.54546e-02
  1675    7.55970e-02
  1676    7.57396e-02
  1677    7.58825e-02
  1678    7.60256e-02
  1679    7.61689e-02
  1680    7.63124e-02
  1681    7.64562e-02
  1682    7.66003e-02
  1683    7.67445e-02
  1684    7.68890e-02
  1685    7.70337e-02
  1686    7.71787e-02
  1687    7.73239e-02
  1688    7.74693e-02
  1689    7.76150e-02
  1690    7.77609e-02
  1691    7.79070e-02
  1692    7.80534e-02
  1693    7.82000e-02
  1694    7.83469e-02
  1695    7.84940e-02
  1696    7.86413e-02
  1697    7.87889e-02
  1698    7.89367e-02
  1699    7.90847e-02
  1700    7.92330e-02
  1701    7.93815e-02
  1702    7.95303e-02
  1703    7.96793e-02
  1704    7.98285e-02
  1705    7.99780e-02
  1706    8.01277e-02
  1707    8.02777e-02
  1708    8.04279e-02
  1709    8.05784e-02
  1710    8.07291e-02
  1711    8.08800e-02
  1712    8.10312e-02
  1713    8.11826e-02
  1714    8.13343e-02
  1715    8.14862e-02
  1716    8.16384e-02
  1717    8.17908e-02
  1718    8.19435e-02
  1719    8.20964e-02
  1720    8.22495e-02
  1721    8.24029e-02
  1722    8.25566e-02
  1723    8.27105e-02
  1724    8.28646e-02
  1725    8.30190e-02
  1726    8.31736e-02
  1727    8.33285e-02
  1728    8.34837e-02
  1729    8.36391e-02
  1730    8.37947e-02
  1731    8.39506e-02
  1732    8.41067e-02
  1733    8.42631e-02
  1734    8.44198e-02
  1735    8.45767e-02
  1736    8.47338e-02
  1737    8.48912e-02
  1738    8.50489e-02
  1739    8.52068e-02
  1740    8.53650e-02
  1741    8.55234e-02
  1742    8.56821e-02
  1743    8.58410e-02
  1744    8.60002e-02
  1745    8.61596e-02
  1746    8.63194e-02
  1747    8.64793e-02
  1748    8.66395e-02
  1749    8.68000e-02
  1750    8.69607e-02
  1751    8.71217e-02
  1752    8.72830e-02
  1753    8.74445e-02
  1754    8.76063e-02
  1755    8.77683e-02
  1756    8.79306e-02
  1757    8.80931e-02
  1758    8.82559e-02
  1759    8.84190e-02
  1760    8.85824e-02
  1761    8.87460e-02
  1762    8.89098e-02
  1763    8.90740e-02
  1764    8.92383e-02
  1765    8.94030e-02
  1766    8.95679e-02
  1767    8.97331e-02
  1768    8.98986e-02
  1769    9.00643e-02
  1770    9.02302e-02
  1771    9.03965e-02
  1772    9.05630e-02
  1773    9.07298e-02
  1774    9.08968e-02
  1775    9.10642e-02
  1776    9.12318e-02
  1777    9.13996e-02
  1778    9.15677e-02
  1779    9.17361e-02
  1780    9.19048e-02
  1781    9.20737e-02
  1782    9.22429e-02
  1783    9.24124e-02
  1784    9.25822e-02
  1785    9.27522e-02
  1786    9.29225e-02
  1787    9.30930e-02
  1788    9.32639e-02
  1789    9.34350e-02
  1790    9.36064e-02
  1791    9.37781e-02
  1792    9.39500e-02
  1793    9.41222e-02
  1794    9.42947e-02
  1795    9.44675e-02
  1796    9.46405e-02
  1797    9.48138e-02
  1798    9.49874e-02
  1799    9.51613e-02
  1800    9.53354e-02
  1801    9.55099e-02
  1802    9.56846e-02
  1803    9.58596e-02
  1804    9.60349e-02
  1805    9.62104e-02
  1806    9.63862e-02
  1807    9.65624e-02
  1808    9.67387e-02
  1809    9.69154e-02
  1810    9.70924e-02
  1811    9.72696e-02
  1812    9.74472e-02
  1813    9.76250e-02
  1814    9.78031e-02
  1815    9.79814e-02
  1816    9.81601e-02
  1817    9.83390e-02
  1818    9.85183e-02
  1819    9.86978e-02
  1820    9.88776e-02
  1821    9.90577e-02
  1822    9.92381e-02
  1823    9.94188e-02
  1824    9.95997e-02
  1825    9.97810e-02
  1826    9.99625e-02
  1827    1.00144e-01
  1828    1.00326e-01
  1829    1.00509e-01
  1830    1.00692e-01
  1831    1.00875e-01
  1832    1.01058e-01
  1833    1.01241e-01
  1834    1.01425e-01
  1835    1.01609e-01
  1836    1.01794e-01
  1837    1.01979e-01
  1838    1.02164e-01
  1839    1.02349e-01
  1840    1.02535e-01
  1841    1.02721e-01
  1842    1.02907e-01
  1843    1.03093e-01
  1844    1.03280e-01
  1845    1.03467e-01
  1846    1.03655e-01
  1847    1.03842e-01
  1848    1.04030e-01
  1849    1.04219e-01
  1850    1.04407e-01
  1851    1.04596e-01
  1852    1.04785e-01
  1853    1.04975e-01
  1854    1.05165e-01
  1855    1.05355e-01
  1856    1.05545e-01
  1857    1.05736e-01
  1858    1.05927e-01
  1859    1.06118e-01
  1860    1.06310e-01
  1861    1.06502e-01
  1862    1.06694e-01
  1863    1.06887e-01
  1864    1.07080e-01
  1865    1.07273e-01
  1866    1.07466e-01
  1867    1.07660e-01
  1868    1.07854e-01
  1869    1.08048e-01
  1870    1.08243e-01
  1871    1.08438e-01
  1872    1.08634e-01
  1873    1.08829e-01
  1874    1.09025e-01
  1875    1.09221e-01
  1876    1.09418e-01
  1877    1.09615e-01
  1878    1.09812e-01
  1879    1.10009e-01
  1880    1.10207e-01
  1881    1.10405e-01
  1882    1.10604e-01
  1883    1.10803e-01
  1884    1.11002e-01
  1885    1.11201e-01
  1886    1.11401e-01
  1887    1.11601e-01
  1888    1.11801e-01
  1889    1.12002e-01
  1890    1.12203e-01
  1891    1.12404e-01
  1892    1.12606e-01
  1893    1.12808e-01
  1894    1.13010e-01
  1895    1.13212e-01
  1896    1.13415e-01
  1897    1.13618e-01
  1898    1.13822e-01
  1899    1.14026e-01
  1900    1.14230e-01
  1901    1.14435e-01
  1902    1.14639e-01
  1903    1.14844e-01
  1904    1.15050e-01
  1905    1.15256e-01
  1906    1.15462e-01
  1907    1.15668e-01
  1908    1.15875e-01
  1909    1.16082e-01
  1910    1.16290e-01
  1911    1.16497e-01
  1912    1.16705e-01
  1913    1.16914e-01
  1914    1.17123e-01
  1915    1.17332e-01
  1916    1.17541e-01
  1917    1.17751e-01
  1918    1.17961e-01
  1919    1.18171e-01
  1920    1.18382e-01
  1921    1.18593e-01
  1922    1.18805e-01
  1923    1.19016e-01
  1924    1.19228e-01
  1925    1.19441e-01
  1926    1.19653e-01
  1927    1.19867e-01
  1928    1.20080e-01
  1929    1.20294e-01
  1930    1.20508e-01
  1931    1.20722e-01
  1932    1.20937e-01
  1933    1.21152e-01
  1934    1.21367e-01
  1935    1.21583e-01
  1936    1.21799e-01
  1937    1.22016e-01
  1938    1.22233e-01
  1939    1.22450e-01
  1940    1.22667e-01
  1941    1.22885e-01
  1942    1.23103e-01
  1943    1.23322e-01
  1944    1.23541e-01
  1945    1.23760e-01
  1946    1.23979e-01
  1947    1.24199e-01
  1948    1.24419e-01
  1949    1.24640e-01
  1950    1.24861e-01
  1951    1.25082e-01
  1952    1.25304e-01
  1953    1.25526e-01
  1954    1.25748e-01
  1955    1.25971e-01
  1956    1.26194e-01
  1957    1.26417e-01
  1958    1.26641e-01
  1959    1.26865e-01
  1960    1.27089e-01
  1961    1.27314e-01
  1962    1.27539e-01
  1963    1.27765e-01
  1964    1.27991e-01
  1965    1.28217e-01
  1966    1.28443e-01
  1967    1.28670e-01
  1968    1.28898e-01
  1969    1.29125e-01
  1970    1.29353e-01
  1971    1.29581e-01
  1972    1.29810e-01
  1973    1.30039e-01
  1974    1.30269e-01
  1975    1.30498e-01
  1976    1.30728e-01
  1977    1.30959e-01
  1978    1.31190e-01
  1979    1.31421e-01
  1980    1.31653e-01
  1981    1.31885e-01
  1982    1.32117e-01
  1983    1.32350e-01
  1984    1.32583e-01
  1985    1.32816e-01
  1986    1.33050e-01
  1987    1.33284e-01
  1988    1.33518e-01
  1989    1.33753e-01
  1990    1.33988e-01
  1991    1.34224e-01
  1992    1.34460e-01
  1993    1.34696e-01
  1994    1.34933e-01
  1995    1.35170e-01
  1996    1.35408e-01
  1997    1.35645e-01
  1998    1.35884e-01
  1999    1.36122e-01
  2000    1.36361e-01
  2001    1.36600e-01
  2002    1.36840e-01
  2003    1.37080e-01
  2004    1.37321e-01
  2005    1.37561e-01
  2006    1.37803e-01
  2007    1.38044e-01
  2008    1.38286e-01
  2009    1.38529e-01
  2010    1.38771e-01
  2011    1.39014e-01
  2012    1.39258e-01
  2013    1.39502e-01
  2014    1.39746e-01
  2015    1.39990e-01
  2016    1.40235e-01
  2017    1.40481e-01
  2018    1.40727e-01
  2019    1.40973e-01
  2020    1.41219e-01
  2021    1.41466e-01
  2022    1.41713e-01
  2023    1.41961e-01
  2024    1.42209e-01
  2025    1.42458e-01
  2026    1.42706e-01
  2027    1.42956e-01
  2028    1.43205e-01
  2029    1.43455e-01
  2030    1.43706e-01
  2031    1.43956e-01
  2032    1.44208e-01
  2033    1.44459e-01
  2034    1.44711e-01
  2035    1.44963e-01
  2036    1.45216e-01
  2037    1.45469e-01
  2038    1.45723e-01
  2039    1.45977e-01
  2040    1.46231e-01
  2041    1.46486e-01
  2042    1.46741e-01
  2043    1.46996e-01
  2044    1.47252e-01
  2045    1.47509e-01
  2046    1.47765e-01
  2047    1.48022e-01
  2048    1.48280e-01
  2049    1.48538e-01
  2050    1.48796e-01
  2051    1.49055e-01
  2052    1.49314e-01
  2053    1.49573e-01
  2054    1.49833e-01
  2055    1.50094e-01
  2056    1.50354e-01
  2057    1.50616e-01
  2058    1.50877e-01
  2059    1.51139e-01
  2060    1.51401e-01
  2061    1.51664e-01
  2062    1.51927e-01
  2063    1.52191e-01
  2064    1.52455e-01
  2065    1.52719e-01
  2066    1.52984e-01
  2067    1.53249e-01
  2068    1.53515e-01
  2069    1.53781e-01
  2070    1.54047e-01
  2071    1.54314e-01
  2072    1.54581e-01
  2073    1.54849e-01
  2074    1.55117e-01
  2075    1.55386e-01
  2076    1.55655e-01
  2077    1.55924e-01
  2078    1.56194e-01
  2079    1.56464e-01
  2080    1.56735e-01
  2081    1.57006e-01
  2082    1.57277e-01
  2083    1.57549e-01
  2084    1.57821e-01
  2085    1.58094e-01
  2086    1.58367e-01
  2087    1.58641e-01
  2088    1.58915e-01
  2089    1.59189e-01
  2090    1.59464e-01
  2091    1.59739e-01
  2092    1.60015e-01
  2093    1.60291e-01
  2094    1.60567e-01
  2095    1.60844e-01
  2096    1.61122e-01
  2097    1.61400e-01
  2098    1.61678e-01
  2099    1.61956e-01
  2100    1.62236e-01
  2101    1.62515e-01
  2102    1.62795e-01
  2103    1.63075e-01
  2104    1.63356e-01
  2105    1.63638e-01
  2106    1.63919e-01
  2107    1.64201e-01
  2108    1.64484e-01
  2109    1.64767e-01
  2110    1.65050e-01
  2111    1.65334e-01
  2112    1.65619e-01
  2113    1.65903e-01
  2114    1.66189e-01
  2115    1.66474e-01
  2116    1.66760e-01
  2117    1.67047e-01
  2118    1.67334e-01
  2119    1.67621e-01
  2120    1.67909e-01
  2121    1.68197e-01
  2122    1.68486e-01
  2123    1.68775e-01
  2124    1.69065e-01
  2125    1.69355e-01
  2126    1.69646e-01
  2127    1.69936e-01
  2128    1.70228e-01
  2129    1.70520e-01
  2130    1.70812e-01
  2131    1.71105e-01
  2132    1.71398e-01
  2133    1.71692e-01
  2134    1.71986e-01
  2135    1.72280e-01
  2136    1.72575e-01
  2137    1.72871e-01
  2138    1.73167e-01
  2139    1.73463e-01
  2140    1.73760e-01
  2141    1.74057e-01
  2142    1.74355e-01
  2143    1.74653e-01
  2144    1.74952e-01
  2145    1.75251e-01
  2146    1.75551e-01
  2147    1.75851e-01
  2148    1.76151e-01
  2149    1.76452e-01
  2150    1.76754e-01
  2151    1.77056e-01
  2152    1.77358e-01
  2153    1.77661e-01
  2154    1.77964e-01
  2155    1.78268e-01
  2156    1.78572e-01
  2157    1.78877e-01
  2158    1.79182e-01
  2159    1.79488e-01
  2160    1.79794e-01
  2161    1.80100e-01
  2162    1.80407e-01
  2163    1.80715e-01
  2164    1.81023e-01
  2165    1.81331e-01
  2166    1.81640e-01
  2167    1.81950e-01
  2168    1.82259e-01
  2169    1.82570e-01
  2170    1.82881e-01
  2171    1.83192e-01
  2172    1.83504e-01
  2173    1.83816e-01
  2174    1.84129e-01
  2175    1.84442e-01
  2176    1.84756e-01
  2177    1.85070e-01
  2178    1.85384e-01
  2179    1.85700e-01
  2180    1.86015e-01
  2181    1.86331e-01
  2182    1.86648e-01
  2183    1.86965e-01
  2184    1.87283e-01
  2185    1.87601e-01
  2186    1.87919e-01
  2187    1.88238e-01
  2188    1.88558e-01
  2189    1.88878e-01
  2190    1.89198e-01
  2191    1.89519e-01
  2192    1.89840e-01
  2193    1.90162e-01
  2194    1.90485e-01
  2195    1.90808e-01
  2196    1.91131e-01
  2197    1.91455e-01
  2198    1.91780e-01
  2199    1.92104e-01
  2200    1.92430e-01
  2201    1.92756e-01
  2202    1.93082e-01
  2203    1.93409e-01
  2204    1.93737e-01
  2205    1.94064e-01
  2206    1.94393e-01
  2207    1.94722e-01
  2208    1.95051e-01
  2209    1.95381e-01
  2210    1.95711e-01
  2211    1.96042e-01
  2212    1.96374e-01
  2213    1.96706e-01
  2214    1.97038e-01
  2215    1.97371e-01
  2216    1.97704e-01
  2217    1.98038e-01
  2218    1.98373e-01
  2219    1.98708e-01
  2220    1.99043e-01
  2221    1.99379e-01
  2222    1.99716e-01
  2223    2.00053e-01
  2224    2.00390e-01
  2225    2.00728e-01
  2226    2.01067e-01
  2227    2.01406e-01
  2228    2.01746e-01
  2229    2.02086e-01
  2230    2.02426e-01
  2231    2.02767e-01
  2232    2.03109e-01
  2233    2.03451e-01
  2234    2.03794e-01
  2235    2.04137e-01
  2236    2.04481e-01
  2237    2.04825e-01
  2238    2.05170e-01
  2239    2.05515e-01
  2240    2.05861e-01
  2241    2.06207e-01
  2242    2.06554e-01
  2243    2.06902e-01
  2244    2.07250e-01
  2245    2.07598e-01
  2246    2.07947e-01
  2247    2.08297e-01
  2248    2.08647e-01
  2249    2.08997e-01
  2250    2.09348e-01
  2251    2.09700e-01
  2252    2.10052e-01
  2253    2.10405e-01
  2254    2.10758e-01
  2255    2.11112e-01
  2256    2.11466e-01
  2257    2.11821e-01
  2258    2.12177e-01
  2259    2.12533e-01
  2260    2.12889e-01
  2261    2.13246e-01
  2262    2.13604e-01
  2263    2.13962e-01
  2264    2.14320e-01
  2265    2.14680e-01
  2266    2.15039e-01
  2267    2.15400e-01
  2268    2.15760e-01
  2269    2.16122e-01
  2270    2.16484e-01
  2271    2.16846e-01
  2272    2.17209e-01
  2273    2.17573e-01
  2274    2.17937e-01
  2275    2.18302e-01
  2276    2.18667e-01
  2277    2.19033e-01
  2278    2.19399e-01
  2279    2.19766e-01
  2280    2.20133e-01
  2281    2.20501e-01
  2282    2.20870e-01
  2283    2.21239e-01
  2284    2.21608e-01
  2285    2.21979e-01
  2286    2.22349e-01
  2287    2.22721e-01
  2288    2.23093e-01
  2289    2.23465e-01
  2290    2.23838e-01
  2291    2.24212e-01
  2292    2.24586e-01
  2293    2.24961e-01
  2294    2.25336e-01
  2295    2.25712e-01
  2296    2.26088e-01
  2297    2.26465e-01
  2298    2.26843e-01
  2299    2.27221e-01
  2300    2.27599e-01
  2301    2.27979e-01
  2302    2.28359e-01
  2303    2.28739e-01
  2304    2.29120e-01
  2305    2.29501e-01
  2306    2.29884e-01
  2307    2.30266e-01
  2308    2.30650e-01
  2309    2.31033e-01
  2310    2.31418e-01
  2311    2.31803e-01
  2312    2.32189e-01
  2313    2.32575e-01
  2314    2.32961e-01
  2315    2.33349e-01
  2316    2.33737e-01
  2317    2.34125e-01
  2318    2.34514e-01
  2319    2.34904e-01
  2320    2.35294e-01
  2321    2.35685e-01
  2322    2.36077e-01
  2323    2.36469e-01
  2324    2.36861e-01
  2325    2.37254e-01
  2326    2.37648e-01
  2327    2.38043e-01
  2328    2.38438e-01
  2329    2.38833e-01
  2330    2.39229e-01
  2331    2.39626e-01
  2332    2.40023e-01
  2333    2.40421e-01
  2334    2.40820e-01
  2335    2.41219e-01
  2336    2.41619e-01
  2337    2.42019e-01
  2338    2.42420e-01
  2339    2.42822e-01
  2340    2.43224e-01
  2341    2.43627e-01
  2342    2.44030e-01
  2343    2.44434e-01
  2344    2.44839e-01
  2345    2.45244e-01
  2346    2.45650e-01
  2347    2.46056e-01
  2348    2.46463e-01
  2349    2.46871e-01
  2350    2.47279e-01
  2351    2.47688e-01
  2352    2.48097e-01
  2353    2.48507e-01
  2354    2.48918e-01
  2355    2.49329e-01
  2356    2.49741e-01
  2357    2.50154e-01
  2358    2.50567e-01
  2359    2.50981e-01
  2360    2.51395e-01
  2361    2.51810e-01
  2362    2.52226e-01
  2363    2.52642e-01
  2364    2.53059e-01
  2365    2.53476e-01
  2366    2.53895e-01
  2367    2.54313e-01
  2368    2.54733e-01
  2369    2.55153e-01
  2370    2.55573e-01
  2371    2.55995e-01
  2372    2.56417e-01
  2373    2.56839e-01
  2374    2.57262e-01
  2375    2.57686e-01
  2376    2.58110e-01
  2377    2.58536e-01
  2378    2.58961e-01
  2379    2.59388e-01
  2380    2.59815e-01
  2381    2.60242e-01
  2382    2.60670e-01
  2383    2.61099e-01
  2384    2.61529e-01
  2385    2.61959e-01
  2386    2.62390e-01
  2387    2.62821e-01
  2388    2.63253e-01
  2389    2.63686e-01
  2390    2.64119e-01
  2391    2.64554e-01
  2392    2.64988e-01
  2393    2.65424e-01
  2394    2.65860e-01
  2395    2.66296e-01
  2396    2.66733e-01
  2397    2.67171e-01
  2398    2.67610e-01
  2399    2.68049e-01
  2400    2.68489e-01
  2401    2.68930e-01
  2402    2.69371e-01
  2403    2.69813e-01
  2404    2.70255e-01
  2405    2.70698e-01
  2406    2.71142e-01
  2407    2.71587e-01
  2408    2.72032e-01
  2409    2.72478e-01
  2410    2.72924e-01
  2411    2.73371e-01
  2412    2.73819e-01
  2413    2.74268e-01
  2414    2.74717e-01
  2415    2.75167e-01
  2416    2.75617e-01
  2417    2.76068e-01
  2418    2.76520e-01
  2419    2.76973e-01
  2420    2.77426e-01
  2421    2.77880e-01
  2422    2.78334e-01
  2423    2.78790e-01
  2424    2.79246e-01
  2425    2.79702e-01
  2426    2.80159e-01
  2427    2.80617e-01
  2428    2.81076e-01
  2429    2.81535e-01
  2430    2.81995e-01
  2431    2.82456e-01
  2432    2.82917e-01
  2433    2.83379e-01
  2434    2.83842e-01
  2435    2.84305e-01
  2436    2.84769e-01
  2437    2.85234e-01
  2438    2.85700e-01
  2439    2.86166e-01
  2440    2.86633e-01
  2441    2.87100e-01
  2442    2.87568e-01
  2443    2.88037e-01
  2444    2.88507e-01
  2445    2.88977e-01
  2446    2.89448e-01
  2447    2.89920e-01
  2448    2.90392e-01
  2449    2.90865e-01
  2450    2.91339e-01
  2451    2.91814e-01
  2452    2.92289e-01
  2453    2.92765e-01
  2454    2.93241e-01
  2455    2.93719e-01
  2456    2.94197e-01
  2457    2.94676e-01
  2458    2.95155e-01
  2459    2.95635e-01
  2460    2.96116e-01
  2461    2.96598e-01
  2462    2.97080e-01
  2463    2.97563e-01
  2464    2.98047e-01
  2465    2.98531e-01
  2466    2.99016e-01
  2467    2.99502e-01
  2468    2.99989e-01
  2469    3.00476e-01
  2470    3.00964e-01
  2471    3.01453e-01
  2472    3.01942e-01
  2473    3.02433e-01
  2474    3.02924e-01
  2475    3.03415e-01
  2476    3.03908e-01
  2477    3.04401e-01
  2478    3.04895e-01
  2479    3.05389e-01
  2480    3.05884e-01
  2481    3.06381e-01
  2482    3.06877e-01
  2483    3.07375e-01
  2484    3.07873e-01
  2485    3.08372e-01
  2486    3.08872e-01
  2487    3.09372e-01
  2488    3.09873e-01
  2489    3.10375e-01
  2490    3.10878e-01
  2491    3.11381e-01
  2492    3.11885e-01
  2493    3.12390e-01
  2494    3.12896e-01
  2495    3.13402e-01
  2496    3.13910e-01
  2497    3.14417e-01
  2498    3.14926e-01
  2499    3.15435e-01
  2500    3.15946e-01
  2501    3.16456e-01
  2502    3.16968e-01
  2503    3.17480e-01
  2504    3.17994e-01
  2505    3.18508e-01
  2506    3.19022e-01
  2507    3.19538e-01
  2508    3.20054e-01
  2509    3.20571e-01
  2510    3.21088e-01
  2511    3.21607e-01
  2512    3.22126e-01
  2513    3.22646e-01
  2514    3.23167e-01
  2515    3.23688e-01
  2516    3.24211e-01
  2517    3.24734e-01
  2518    3.25257e-01
  2519    3.25782e-01
  2520    3.26307e-01
  2521    3.26834e-01
  2522    3.27360e-01
  2523    3.27888e-01
  2524    3.28417e-01
  2525    3.28946e-01
  2526    3.29476e-01
  2527    3.30007e-01
  2528    3.30538e-01
  2529    3.31071e-01
  2530    3.31604e-01
  2531    3.32138e-01
  2532    3.32672e-01
  2533    3.33208e-01
  2534    3.33744e-01
  2535    3.34281e-01
  2536    3.34819e-01
  2537    3.35358e-01
  2538    3.35897e-01
  2539    3.36437e-01
  2540    3.36978e-01
  2541    3.37520e-01
  2542    3.38063e-01
  2543    3.38606e-01
  2544    3.39150e-01
  2545    3.39695e-01
  2546    3.40241e-01
  2547    3.40788e-01
  2548    3.41335e-01
  2549    3.41883e-01
  2550    3.42432e-01
  2551    3.42982e-01
  2552    3.43533e-01
  2553    3.44084e-01
  2554    3.44637e-01
  2555    3.45190e-01
  2556    3.45743e-01
  2557    3.46298e-01
  2558    3.46854e-01
  2559    3.47410e-01
  2560    3.47967e-01
  2561    3.48525e-01
  2562    3.49084e-01
  2563    3.49643e-01
  2564    3.50204e-01
  2565    3.50765e-01
  2566    3.51327e-01
  2567    3.51890e-01
  2568    3.52453e-01
  2569    3.53018e-01
  2570    3.53583e-01
  2571    3.54149e-01
  2572    3.54716e-01
  2573    3.55284e-01
  2574    3.55853e-01
  2575    3.56422e-01
  2576    3.56992e-01
  2577    3.57564e-01
  2578    3.58136e-01
  2579    3.58708e-01
  2580    3.59282e-01
  2581    3.59856e-01
  2582    3.60432e-01
  2583    3.61008e-01
  2584    3.61585e-01
  2585    3.62163e-01
  2586    3.62741e-01
  2587    3.63321e-01
  2588    3.63901e-01
  2589    3.64483e-01
  2590    3.65065e-01
  2591    3.65648e-01
  2592    3.66231e-01
  2593    3.66816e-01
  2594    3.67402e-01
  2595    3.67988e-01
  2596    3.68575e-01
  2597    3.69163e-01
  2598    3.69752e-01
  2599    3.70342e-01
  2600    3.70932e-01
  2601    3.71524e-01
  2602    3.72116e-01
  2603    3.72709e-01
  2604    3.73304e-01
  2605    3.73898e-01
  2606    3.74494e-01
  2607    3.75091e-01
  2608    3.75689e-01
  2609    3.76287e-01
  2610    3.76886e-01
  2611    3.77486e-01
  2612    3.78087e-01
  2613    3.78689e-01
  2614    3.79292e-01
  2615    3.79896e-01
  2616    3.80500e-01
  2617    3.81106e-01
  2618    3.81712e-01
  2619    3.82319e-01
  2620    3.82927e-01
  2621    3.83536e-01
  2622    3.84146e-01
  2623    3.84757e-01
  2624    3.85369e-01
  2625    3.85981e-01
  2626    3.86595e-01
  2627    3.87209e-01
  2628    3.87824e-01
  2629    3.88440e-01
  2630    3.89057e-01
  2631    3.89675e-01
  2632    3.90294e-01
  2633    3.90914e-01
  2634    3.91534e-01
  2635    3.92156e-01
  2636    3.92778e-01
  2637    3.93401e-01
  2638    3.94025e-01
  2639    3.94651e-01
  2640    3.95277e-01
  2641    3.95904e-01
  2642    3.96531e-01
  2643    3.97160e-01
  2644    3.97790e-01
  2645    3.98420e-01
  2646    3.99052e-01
  2647    3.99684e-01
  2648    4.00318e-01
  2649    4.00952e-01
  2650    4.01587e-01
  2651    4.02223e-01
  2652    4.02860e-01
  2653    4.03498e-01
  2654    4.04137e-01
  2655    4.04777e-01
  2656    4.05417e-01
  2657    4.06059e-01
  2658    4.06702e-01
  2659    4.07345e-01
  2660    4.07990e-01
  2661    4.08635e-01
  2662    4.09281e-01
  2663    4.09929e-01
  2664    4.10577e-01
  2665    4.11226e-01
  2666    4.11876e-01
  2667    4.12527e-01
  2668    4.13179e-01
  2669    4.13832e-01
  2670    4.14486e-01
  2671    4.15141e-01
  2672    4.15796e-01
  2673    4.16453e-01
  2674    4.17111e-01
  2675    4.17769e-01
  2676    4.18429e-01
  2677    4.19089e-01
  2678    4.19751e-01
  2679    4.20413e-01
  2680    4.21077e-01
  2681    4.21741e-01
  2682    4.22406e-01
  2683    4.23072e-01
  2684    4.23740e-01
  2685    4.24408e-01
  2686    4.25077e-01
  2687    4.25747e-01
  2688    4.26418e-01
  2689    4.27090e-01
  2690    4.27763e-01
  2691    4.28437e-01
  2692    4.29112e-01
  2693    4.29788e-01
  2694    4.30465e-01
  2695    4.31143e-01
  2696    4.31822e-01
  2697    4.32502e-01
  2698    4.33183e-01
  2699    4.33865e-01
  2700    4.34548e-01
  2701    4.35231e-01
  2702    4.35916e-01
  2703    4.36602e-01
  2704    4.37289e-01
  2705    4.37977e-01
  2706    4.38665e-01
  2707    4.39355e-01
  2708    4.40046e-01
  2709    4.40738e-01
  2710    4.41430e-01
  2711    4.42124e-01
  2712    4.42819e-01
  2713    4.43515e-01
  2714    4.44212e-01
  2715    4.44909e-01
  2716    4.45608e-01
  2717    4.46308e-01
  2718    4.47009e-01
  2719    4.47711e-01
  2720    4.48413e-01
  2721    4.49117e-01
  2722    4.49822e-01
  2723    4.50528e-01
  2724    4.51235e-01
  2725    4.51943e-01
  2726    4.52652e-01
  2727    4.53362e-01
  2728    4.54073e-01
  2729    4.54785e-01
  2730    4.55498e-01
  2731    4.56212e-01
  2732    4.56927e-01
  2733    4.57643e-01
  2734    4.58360e-01
  2735    4.59078e-01
  2736    4.59797e-01
  2737    4.60518e-01
  2738    4.61239e-01
  2739    4.61961e-01
  2740    4.62685e-01
  2741    4.63409e-01
  2742    4.64134e-01
  2743    4.64861e-01
  2744    4.65588e-01
  2745    4.66317e-01
  2746    4.67047e-01
  2747    4.67777e-01
  2748    4.68509e-01
  2749    4.69242e-01
  2750    4.69976e-01
  2751    4.70711e-01
  2752    4.71447e-01
  2753    4.72184e-01
  2754    4.72922e-01
  2755    4.73661e-01
  2756    4.74401e-01
  2757    4.75142e-01
  2758    4.75885e-01
  2759    4.76628e-01
  2760    4.77373e-01
  2761    4.78118e-01
  2762    4.78865e-01
  2763    4.79612e-01
  2764    4.80361e-01
  2765    4.81111e-01
  2766    4.81862e-01
  2767    4.82614e-01
  2768    4.83367e-01
  2769    4.84121e-01
  2770    4.84876e-01
  2771    4.85633e-01
  2772    4.86390e-01
  2773    4.87148e-01
  2774    4.87908e-01
  2775    4.88669e-01
  2776    4.89431e-01
  2777    4.90193e-01
  2778    4.90957e-01
  2779    4.91722e-01
  2780    4.92489e-01
  2781    4.93256e-01
  2782    4.94024e-01
  2783    4.94794e-01
  2784    4.95564e-01
  2785    4.96336e-01
  2786    4.97109e-01
  2787    4.97882e-01
  2788    4.98657e-01
  2789    4.99433e-01
  2790    5.00211e-01
  2791    5.00989e-01
  2792    5.01768e-01
  2793    5.02549e-01
  2794    5.03331e-01
  2795    5.04113e-01
  2796    5.04897e-01
  2797    5.05682e-01
  2798    5.06469e-01
  2799    5.07256e-01
  2800    5.08044e-01
  2801    5.08834e-01
  2802    5.09625e-01
  2803    5.10416e-01
  2804    5.11209e-01
  2805    5.12003e-01
  2806    5.12799e-01
  2807    5.13595e-01
  2808    5.14393e-01
  2809    5.15191e-01
  2810    5.15991e-01
  2811    5.16792e-01
  2812    5.17594e-01
  2813    5.18397e-01
  2814    5.19202e-01
  2815    5.20007e-01
  2816    5.20814e-01
  2817    5.21622e-01
  2818    5.22431e-01
  2819    5.23241e-01
  2820    5.24052e-01
  2821    5.24865e-01
  2822    5.25678e-01
  2823    5.26493e-01
  2824    5.27309e-01
  2825    5.28126e-01
  2826    5.28944e-01
  2827    5.29764e-01
  2828    5.30584e-01
  2829    5.31406e-01
  2830    5.32229e-01
  2831    5.33053e-01
  2832    5.33879e-01
  2833    5.34705e-01
  2834    5.35533e-01
  2835    5.36362e-01
  2836    5.37192e-01
  2837    5.38023e-01
  2838    5.38856e-01
  2839    5.39689e-01
  2840    5.40524e-01
  2841    5.41360e-01
  2842    5.42197e-01
  2843    5.43036e-01
  2844    5.43875e-01
  2845    5.44716e-01
  2846    5.45558e-01
  2847    5.46401e-01
  2848    5.47246e-01
  2849    5.48091e-01
  2850    5.48938e-01
  2851    5.49786e-01
  2852    5.50635e-01
  2853    5.51486e-01
  2854    5.52338e-01
  2855    5.53190e-01
  2856    5.54045e-01
  2857    5.54900e-01
  2858    5.55756e-01
  2859    5.56614e-01
  2860    5.57473e-01
  2861    5.58333e-01
  2862    5.59195e-01
  2863    5.60057e-01
  2864    5.60921e-01
  2865    5.61786e-01
  2866    5.62653e-01
  2867    5.63520e-01
  2868    5.64389e-01
  2869    5.65259e-01
  2870    5.66131e-01
  2871    5.67003e-01
  2872    5.67877e-01
  2873    5.68752e-01
  2874    5.69628e-01
  2875    5.70506e-01
  2876    5.71385e-01
  2877    5.72265e-01
  2878    5.73146e-01
  2879    5.74029e-01
  2880    5.74912e-01
  2881    5.75797e-01
  2882    5.76684e-01
  2883    5.77571e-01
  2884    5.78460e-01
  2885    5.79350e-01
  2886    5.80242e-01
  2887    5.81134e-01
  2888    5.82028e-01
  2889    5.82923e-01
  2890    5.83820e-01
  2891    5.84718e-01
  2892    5.85617e-01
  2893    5.86517e-01
  2894    5.87419e-01
  2895    5.88321e-01
  2896    5.89226e-01
  2897    5.90131e-01
  2898    5.91038e-01
  2899    5.91946e-01
  2900    5.92855e-01
  2901    5.93766e-01
  2902    5.94678e-01
  2903    5.95591e-01
  2904    5.96505e-01
  2905    5.97421e-01
  2906    5.98338e-01
  2907    5.99257e-01
  2908    6.00176e-01
  2909    6.01097e-01
  2910    6.02020e-01
  2911    6.02943e-01
  2912    6.03868e-01
  2913    6.04795e-01
  2914    6.05722e-01
  2915    6.06651e-01
  2916    6.07581e-01
  2917    6.08513e-01
  2918    6.09446e-01
  2919    6.10380e-01
  2920    6.11315e-01
  2921    6.12252e-01
  2922    6.13190e-01
  2923    6.14130e-01
  2924    6.15071e-01
  2925    6.16013e-01
  2926    6.16956e-01
  2927    6.17901e-01
  2928    6.18847e-01
  2929    6.19795e-01
  2930    6.20744e-01
  2931    6.21694e-01
  2932    6.22646e-01
  2933    6.23599e-01
  2934    6.24553e-01
  2935    6.25509e-01
  2936    6.26466e-01
  2937    6.27424e-01
  2938    6.28384e-01
  2939    6.29345e-01
  2940    6.30307e-01
  2941    6.31271e-01
  2942    6.32236e-01
  2943    6.33203e-01
  2944    6.34171e-01
  2945    6.35140e-01
  2946    6.36111e-01
  2947    6.37083e-01
  2948    6.38056e-01
  2949    6.39031e-01
  2950    6.40007e-01
  2951    6.40984e-01
  2952    6.41963e-01
  2953    6.42944e-01
  2954    6.43926e-01
  2955    6.44909e-01
  2956    6.45893e-01
  2957    6.46879e-01
  2958    6.47866e-01
  2959    6.48855e-01
  2960    6.49845e-01
  2961    6.50837e-01
  2962    6.51830e-01
  2963    6.52824e-01
  2964    6.53820e-01
  2965    6.54817e-01
  2966    6.55815e-01
  2967    6.56815e-01
  2968    6.57817e-01
  2969    6.58819e-01
  2970    6.59824e-01
  2971    6.60829e-01
  2972    6.61836e-01
  2973    6.62845e-01
  2974    6.63855e-01
  2975    6.64866e-01
  2976    6.65879e-01
  2977    6.66893e-01
  2978    6.67909e-01
  2979    6.68926e-01
  2980    6.69944e-01
  2981    6.70964e-01
  2982    6.71986e-01
  2983    6.73009e-01
  2984    6.74033e-01
  2985    6.75059e-01
  2986    6.76086e-01
  2987    6.77115e-01
  2988    6.78145e-01
  2989    6.79176e-01
  2990    6.80209e-01
  2991    6.81244e-01
  2992    6.82280e-01
  2993    6.83317e-01
  2994    6.84356e-01
  2995    6.85396e-01
  2996    6.86438e-01
  2997    6.87482e-01
  2998    6.88526e-01
  2999    6.89573e-01
  3000    6.90620e-01
  3001    6.91670e-01
  3002    6.92720e-01
  3003    6.93772e-01
  3004    6.94826e-01
  3005    6.95881e-01
  3006    6.96938e-01
  3007    6.97996e-01
  3008    6.99056e-01
  3009    7.00117e-01
  3010    7.01179e-01
  3011    7.02244e-01
  3012    7.03309e-01
  3013    7.04376e-01
  3014    7.05445e-01
  3015    7.06515e-01
  3016    7.07587e-01
  3017    7.08660e-01
  3018    7.09735e-01
  3019    7.10811e-01
  3020    7.11889e-01
  3021    7.12968e-01
  3022    7.14049e-01
  3023    7.15131e-01
  3024    7.16215e-01
  3025    7.17300e-01
  3026    7.18387e-01
  3027    7.19476e-01
  3028    7.20566e-01
  3029    7.21657e-01
  3030    7.22750e-01
  3031    7.23845e-01
  3032    7.24941e-01
  3033    7.26039e-01
  3034    7.27138e-01
  3035    7.28239e-01
  3036    7.29341e-01
  3037    7.30445e-01
  3038    7.31550e-01
  3039    7.32657e-01
  3040    7.33766e-01
  3041    7.34876e-01
  3042    7.35988e-01
  3043    7.37101e-01
  3044    7.38216e-01
  3045    7.39332e-01
  3046    7.40450e-01
  3047    7.41570e-01
  3048    7.42691e-01
  3049    7.43814e-01
  3050    7.44938e-01
  3051    7.46064e-01
  3052    7.47191e-01
  3053    7.48321e-01
  3054    7.49451e-01
  3055    7.50583e-01
  3056    7.51717e-01
  3057    7.52853e-01
  3058    7.53990e-01
  3059    7.55129e-01
  3060    7.56269e-01
  3061    7.57411e-01
  3062    7.58554e-01
  3063    7.59699e-01
  3064    7.60846e-01
  3065    7.61994e-01
  3066    7.63144e-01
  3067    7.64296e-01
  3068    7.65449e-01
  3069    7.66604e-01
  3070    7.67760e-01
  3071    7.68918e-01
  3072    7.70078e-01
  3073    7.71239e-01
  3074    7.72402e-01
  3075    7.73567e-01
  3076    7.74733e-01
  3077    7.75901e-01
  3078    7.77070e-01
  3079    7.78242e-01
  3080    7.79414e-01
  3081    7.80589e-01
  3082    7.81765e-01
  3083    7.82943e-01
  3084    7.84122e-01
  3085    7.85303e-01
  3086    7.86486e-01
  3087    7.87670e-01
  3088    7.88857e-01
  3089    7.90044e-01
  3090    7.91234e-01
  3091    7.92425e-01
  3092    7.93618e-01
  3093    7.94812e-01
  3094    7.96008e-01
  3095    7.97206e-01
  3096    7.98406e-01
  3097    7.99607e-01
  3098    8.00810e-01
  3099    8.02014e-01
  3100    8.03221e-01
  3101    8.04428e-01
  3102    8.05638e-01
  3103    8.06850e-01
  3104    8.08063e-01
  3105    8.09277e-01
  3106    8.10494e-01
  3107    8.11712e-01
  3108    8.12932e-01
  3109    8.14154e-01
  3110    8.15377e-01
  3111    8.16602e-01
  3112    8.17829e-01
  3113    8.19057e-01
  3114    8.20288e-01
  3115    8.21520e-01
  3116    8.22753e-01
  3117    8.23989e-01
  3118    8.25226e-01
  3119    8.26465e-01
  3120    8.27705e-01
  3121    8.28948e-01
  3122    8.30192e-01
  3123    8.31438e-01
  3124    8.32685e-01
  3125    8.33935e-01
  3126    8.35186e-01
  3127    8.36439e-01
  3128    8.37694e-01
  3129    8.38950e-01
  3130    8.40208e-01
  3131    8.41468e-01
  3132    8.42730e-01
  3133    8.43993e-01
  3134    8.45259e-01
  3135    8.46526e-01
  3136    8.47795e-01
  3137    8.49065e-01
  3138    8.50338e-01
  3139    8.51612e-01
  3140    8.52888e-01
  3141    8.54165e-01
  3142    8.55445e-01
  3143    8.56726e-01
  3144    8.58010e-01
  3145    8.59295e-01
  3146    8.60581e-01
  3147    8.61870e-01
  3148    8.63160e-01
  3149    8.64452e-01
  3150    8.65746e-01
  3151    8.67042e-01
  3152    8.68340e-01
  3153    8.69639e-01
  3154    8.70941e-01
  3155    8.72244e-01
  3156    8.73549e-01
  3157    8.74855e-01
  3158    8.76164e-01
  3159    8.77474e-01
  3160    8.78787e-01
  3161    8.80101e-01
  3162    8.81417e-01
  3163    8.82735e-01
  3164    8.84054e-01
  3165    8.85376e-01
  3166    8.86699e-01
  3167    8.88024e-01
  3168    8.89351e-01
  3169    8.90680e-01
  3170    8.92011e-01
  3171    8.93344e-01
  3172    8.94678e-01
  3173    8.96015e-01
  3174    8.97353e-01
  3175    8.98693e-01
  3176    9.00035e-01
  3177    9.01379e-01
  3178    9.02725e-01
  3179    9.04073e-01
  3180    9.05422e-01
  3181    9.06774e-01
  3182    9.08127e-01
  3183    9.09482e-01
  3184    9.10839e-01
  3185    9.12199e-01
  3186    9.13560e-01
  3187    9.14922e-01
  3188    9.16287e-01
  3189    9.17654e-01
  3190    9.19022e-01
  3191    9.20393e-01
  3192    9.21765e-01
  3193    9.23140e-01
  3194    9.24516e-01
  3195    9.25894e-01
  3196    9.27275e-01
  3197    9.28657e-01
  3198    9.30041e-01
  3199    9.31427e-01
  3200    9.32815e-01
  3201    9.34204e-01
  3202    9.35596e-01
  3203    9.36990e-01
  3204    9.38386e-01
  3205    9.39783e-01
  3206    9.41183e-01
  3207    9.42585e-01
  3208    9.43988e-01
  3209    9.45394e-01
  3210    9.46801e-01
  3211    9.48211e-01
  3212    9.49622e-01
  3213    9.51035e-01
  3214    9.52451e-01
  3215    9.53868e-01
  3216    9.55287e-01
  3217    9.56709e-01
  3218    9.58132e-01
  3219    9.59557e-01
  3220    9.60985e-01
  3221    9.62414e-01
  3222    9.63845e-01
  3223    9.65279e-01
  3224    9.66714e-01
  3225    9.68151e-01
  3226    9.69591e-01
  3227    9.71032e-01
  3228    9.72475e-01
  3229    9.73921e-01
  3230    9.75368e-01
  3231    9.76817e-01
  3232    9.78269e-01
  3233    9.79722e-01
  3234    9.81178e-01
  3235    9.82636e-01
  3236    9.84095e-01
  3237    9.85557e-01
  3238    9.87020e-01
  3239    9.88486e-01
  3240    9.89954e-01
  3241    9.91424e-01
  3242    9.92896e-01
  3243    9.94370e-01
  3244    9.95846e-01
  3245    9.97324e-01
  3246    9.98804e-01
  3247    1.00029e+00
  3248    1.00177e+00
  3249    1.00326e+00
  3250    1.00475e+00
  3251    1.00624e+00
  3252    1.00773e+00
  3253    1.00922e+00
  3254    1.01072e+00
  3255    1.01222e+00
  3256    1.01372e+00
  3257    1.01522e+00
  3258    1.01673e+00
  3259    1.01824e+00
  3260    1.01974e+00
  3261    1.02126e+00
  3262    1.02277e+00
  3263    1.02429e+00
  3264    1.02580e+00
  3265    1.02732e+00
  3266    1.02885e+00
  3267    1.03037e+00
  3268    1.03190e+00
  3269    1.03342e+00
  3270    1.03496e+00
  3271    1.03649e+00
  3272    1.03802e+00
  3273    1.03956e+00
  3274    1.04110e+00
  3275    1.04264e+00
  3276    1.04418e+00
  3277    1.04573e+00
  3278    1.04728e+00
  3279    1.04883e+00
  3280    1.05038e+00
  3281    1.05193e+00
  3282    1.05349e+00
  3283    1.05505e+00
  3284    1.05661e+00
  3285    1.05817e+00
  3286    1.05974e+00
  3287    1.06131e+00
  3288    1.06288e+00
  3289    1.06445e+00
  3290    1.06602e+00
  3291    1.06760e+00
  3292    1.06918e+00
  3293    1.07076e+00
  3294    1.07234e+00
  3295    1.07392e+00
  3296    1.07551e+00
  3297    1.07710e+00
  3298    1.07869e+00
  3299    1.08029e+00
  3300    1.08188e+00
  3301    1.08348e+00
  3302    1.08508e+00
  3303    1.08668e+00
  3304    1.08829e+00
  3305    1.08990e+00
  3306    1.09151e+00
  3307    1.09312e+00
  3308    1.09473e+00
  3309    1.09635e+00
  3310    1.09797e+00
  3311    1.09959e+00
  3312    1.10121e+00
  3313    1.10284e+00
  3314    1.10446e+00
  3315    1.10609e+00
  3316    1.10772e+00
  3317    1.10936e+00
  3318    1.11100e+00
  3319    1.11263e+00
  3320    1.11428e+00
  3321    1.11592e+00
  3322    1.11757e+00
  3323    1.11921e+00
  3324    1.12086e+00
  3325    1.12252e+00
  3326    1.12417e+00
  3327    1.12583e+00
  3328    1.12749e+00
  3329    1.12915e+00
  3330    1.13081e+00
  3331    1.13248e+00
  3332    1.13415e+00
  3333    1.13582e+00
  3334    1.13750e+00
  3335    1.13917e+00
  3336    1.14085e+00
  3337    1.14253e+00
  3338    1.14421e+00
  3339    1.14590e+00
  3340    1.14759e+00
  3341    1.14928e+00
  3342    1.15097e+00
  3343    1.15266e+00
  3344    1.15436e+00
  3345    1.15606e+00
  3346    1.15776e+00
  3347    1.15947e+00
  3348    1.16117e+00
  3349    1.16288e+00
  3350    1.16459e+00
  3351    1.16631e+00
  3352    1.16802e+00
  3353    1.16974e+00
  3354    1.17146e+00
  3355    1.17319e+00
  3356    1.17491e+00
  3357    1.17664e+00
  3358    1.17837e+00
  3359    1.18010e+00
  3360    1.18184e+00
  3361    1.18358e+00
  3362    1.18532e+00
  3363    1.18706e+00
  3364    1.18880e+00
  3365    1.19055e+00
  3366    1.19230e+00
  3367    1.19405e+00
  3368    1.19581e+00
  3369    1.19757e+00
  3370    1.19933e+00
  3371    1.20109e+00
  3372    1.20285e+00
  3373    1.20462e+00
  3374    1.20639e+00
  3375    1.20816e+00
  3376    1.20994e+00
  3377    1.21171e+00
  3378    1.21349e+00
  3379    1.21527e+00
  3380    1.21706e+00
  3381    1.21884e+00
  3382    1.22063e+00
  3383    1.22243e+00
  3384    1.22422e+00
  3385    1.22602e+00
  3386    1.22782e+00
  3387    1.22962e+00
  3388    1.23142e+00
  3389    1.23323e+00
  3390    1.23504e+00
  3391    1.23685e+00
  3392    1.23867e+00
  3393    1.24048e+00
  3394    1.24230e+00
  3395    1.24412e+00
  3396    1.24595e+00
  3397    1.24778e+00
  3398    1.24960e+00
  3399    1.25144e+00
  3400    1.25327e+00
  3401    1.25511e+00
  3402    1.25695e+00
  3403    1.25879e+00
  3404    1.26064e+00
  3405    1.26248e+00
  3406    1.26433e+00
  3407    1.26619e+00
  3408    1.26804e+00
  3409    1.26990e+00
  3410    1.27176e+00
  3411    1.27362e+00
  3412    1.27549e+00
  3413    1.27736e+00
  3414    1.27923e+00
  3415    1.28110e+00
  3416    1.28298e+00
  3417    1.28486e+00
  3418    1.28674e+00
  3419    1.28862e+00
  3420    1.29051e+00
  3421    1.29240e+00
  3422    1.29429e+00
  3423    1.29618e+00
  3424    1.29808e+00
  3425    1.29998e+00
  3426    1.30188e+00
  3427    1.30379e+00
  3428    1.30570e+00
  3429    1.30761e+00
  3430    1.30952e+00
  3431    1.31143e+00
  3432    1.31335e+00
  3433    1.31527e+00
  3434    1.31720e+00
  3435    1.31912e+00
  3436    1.32105e+00
  3437    1.32298e+00
  3438    1.32492e+00
  3439    1.32686e+00
  3440    1.32880e+00
  3441    1.33074e+00
  3442    1.33268e+00
  3443    1.33463e+00
  3444    1.33658e+00
  3445    1.33854e+00
  3446    1.34049e+00
  3447    1.34245e+00
  3448    1.34441e+00
  3449    1.34638e+00
  3450    1.34834e+00
  3451    1.35031e+00
  3452    1.35228e+00
  3453    1.35426e+00
  3454    1.35624e+00
  3455    1.35822e+00
  3456    1.36020e+00
  3457    1.36219e+00
  3458    1.36418e+00
  3459    1.36617e+00
  3460    1.36816e+00
  3461    1.37016e+00
  3462    1.37216e+00
  3463    1.37416e+00
  3464    1.37617e+00
  3465    1.37818e+00
  3466    1.38019e+00
  3467    1.38220e+00
  3468    1.38422e+00
  3469    1.38624e+00
  3470    1.38826e+00
  3471    1.39029e+00
  3472    1.39231e+00
  3473    1.39434e+00
  3474    1.39638e+00
  3475    1.39841e+00
  3476    1.40045e+00
  3477    1.40250e+00
  3478    1.40454e+00
  3479    1.40659e+00
  3480    1.40864e+00
  3481    1.41069e+00
  3482    1.41275e+00
  3483    1.41481e+00
  3484    1.41687e+00
  3485    1.41894e+00
  3486    1.42100e+00
  3487    1.42307e+00
  3488    1.42515e+00
  3489    1.42722e+00
  3490    1.42930e+00
  3491    1.43139e+00
  3492    1.43347e+00
  3493    1.43556e+00
  3494    1.43765e+00
  3495    1.43974e+00
  3496    1.44184e+00
  3497    1.44394e+00
  3498    1.44604e+00
  3499    1.44815e+00
  3500    1.45026e+00
  3501    1.45237e+00
  3502    1.45448e+00
  3503    1.45660e+00
  3504    1.45872e+00
  3505    1.46084e+00
  3506    1.46297e+00
  3507    1.46510e+00
  3508    1.46723e+00
  3509    1.46937e+00
  3510    1.47150e+00
  3511    1.47364e+00
  3512    1.47579e+00
  3513    1.47794e+00
  3514    1.48009e+00
  3515    1.48224e+00
  3516    1.48439e+00
  3517    1.48655e+00
  3518    1.48871e+00
  3519    1.49088e+00
  3520    1.49305e+00
  3521    1.49522e+00
  3522    1.49739e+00
  3523    1.49957e+00
  3524    1.50175e+00
  3525    1.50393e+00
  3526    1.50612e+00
  3527    1.50831e+00
  3528    1.51050e+00
  3529    1.51269e+00
  3530    1.51489e+00
  3531    1.51709e+00
  3532    1.51930e+00
  3533    1.52151e+00
  3534    1.52372e+00
  3535    1.52593e+00
  3536    1.52815e+00
  3537    1.53037e+00
  3538    1.53259e+00
  3539    1.53481e+00
  3540    1.53704e+00
  3541    1.53927e+00
  3542    1.54151e+00
  3543    1.54375e+00
  3544    1.54599e+00
  3545    1.54823e+00
  3546    1.55048e+00
  3547    1.55273e+00
  3548    1.55499e+00
  3549    1.55724e+00
  3550    1.55950e+00
  3551    1.56177e+00
  3552    1.56403e+00
  3553    1.56630e+00
  3554    1.56857e+00
  3555    1.57085e+00
  3556    1.57313e+00
  3557    1.57541e+00
  3558    1.57770e+00
  3559    1.57998e+00
  3560    1.58228e+00
  3561    1.58457e+00
  3562    1.58687e+00
  3563    1.58917e+00
  3564    1.59147e+00
  3565    1.59378e+00
  3566    1.59609e+00
  3567    1.59841e+00
  3568    1.60072e+00
  3569    1.60304e+00
  3570    1.60537e+00
  3571    1.60769e+00
  3572    1.61002e+00
  3573    1.61236e+00
  3574    1.61469e+00
  3575    1.61703e+00
  3576    1.61938e+00
  3577    1.62172e+00
  3578    1.62407e+00
  3579    1.62643e+00
  3580    1.62878e+00
  3581    1.63114e+00
  3582    1.63350e+00
  3583    1.63587e+00
  3584    1.63824e+00
  3585    1.64061e+00
  3586    1.64299e+00
  3587    1.64537e+00
  3588    1.64775e+00
  3589    1.65014e+00
  3590    1.65252e+00
  3591    1.65492e+00
  3592    1.65731e+00
  3593    1.65971e+00
  3594    1.66211e+00
  3595    1.66452e+00
  3596    1.66693e+00
  3597    1.66934e+00
  3598    1.67176e+00
  3599    1.67417e+00
  3600    1.67660e+00
  3601    1.67902e+00
  3602    1.68145e+00
  3603    1.68388e+00
  3604    1.68632e+00
  3605    1.68876e+00
  3606    1.69120e+00
  3607    1.69365e+00
  3608    1.69610e+00
  3609    1.69855e+00
  3610    1.70101e+00
  3611    1.70347e+00
  3612    1.70593e+00
  3613    1.70840e+00
  3614    1.71087e+00
  3615    1.71334e+00
  3616    1.71582e+00
  3617    1.71830e+00
  3618    1.72078e+00
  3619    1.72327e+00
  3620    1.72576e+00
  3621    1.72825e+00
  3622    1.73075e+00
  3623    1.73325e+00
  3624    1.73575e+00
  3625    1.73826e+00
  3626    1.74077e+00
  3627    1.74329e+00
  3628    1.74580e+00
  3629    1.74833e+00
  3630    1.75085e+00
  3631    1.75338e+00
  3632    1.75591e+00
  3633    1.75845e+00
  3634    1.76099e+00
  3635    1.76353e+00
  3636    1.76608e+00
  3637    1.76863e+00
  3638    1.77118e+00
  3639    1.77374e+00
  3640    1.77630e+00
  3641    1.77886e+00
  3642    1.78143e+00
  3643    1.78400e+00
  3644    1.78658e+00
  3645    1.78915e+00
  3646    1.79174e+00
  3647    1.79432e+00
  3648    1.79691e+00
  3649    1.79950e+00
  3650    1.80210e+00
  3651    1.80470e+00
  3652    1.80730e+00
  3653    1.80991e+00
  3654    1.81252e+00
  3655    1.81513e+00
  3656    1.81775e+00
  3657    1.82037e+00
  3658    1.82300e+00
  3659    1.82563e+00
  3660    1.82826e+00
  3661    1.83090e+00
  3662    1.83354e+00
  3663    1.83618e+00
  3664    1.83883e+00
  3665    1.84148e+00
  3666    1.84413e+00
  3667    1.84679e+00
  3668    1.84945e+00
  3669    1.85212e+00
  3670    1.85479e+00
  3671    1.85746e+00
  3672    1.86013e+00
  3673    1.86281e+00
  3674    1.86550e+00
  3675    1.86819e+00
  3676    1.87088e+00
  3677    1.87357e+00
  3678    1.87627e+00
  3679    1.87897e+00
  3680    1.88168e+00
  3681    1.88439e+00
  3682    1.88710e+00
  3683    1.88982e+00
  3684    1.89254e+00
  3685    1.89527e+00
  3686    1.89800e+00
  3687    1.90073e+00
  3688    1.90347e+00
  3689    1.90621e+00
  3690    1.90895e+00
  3691    1.91170e+00
  3692    1.91445e+00
  3693    1.91721e+00
  3694    1.91997e+00
  3695    1.92273e+00
  3696    1.92550e+00
  3697    1.92827e+00
  3698    1.93104e+00
  3699    1.93382e+00
  3700    1.93660e+00
  3701    1.93939e+00
  3702    1.94218e+00
  3703    1.94497e+00
  3704    1.94777e+00
  3705    1.95057e+00
  3706    1.95338e+00
  3707    1.95619e+00
  3708    1.95900e+00
  3709    1.96182e+00
  3710    1.96464e+00
  3711    1.96746e+00
  3712    1.97029e+00
  3713    1.97313e+00
  3714    1.97596e+00
  3715    1.97880e+00
  3716    1.98165e+00
  3717    1.98450e+00
  3718    1.98735e+00
  3719    1.99021e+00
  3720    1.99307e+00
  3721    1.99593e+00
  3722    1.99880e+00
  3723    2.00167e+00
  3724    2.00455e+00
  3725    2.00743e+00
  3726    2.01031e+00
  3727    2.01320e+00
  3728    2.01609e+00
  3729    2.01899e+00
  3730    2.02189e+00
  3731    2.02479e+00
  3732    2.02770e+00
  3733    2.03061e+00
  3734    2.03353e+00
  3735    2.03645e+00
  3736    2.03938e+00
  3737    2.04230e+00
  3738    2.04524e+00
  3739    2.04817e+00
  3740    2.05111e+00
  3741    2.05406e+00
  3742    2.05701e+00
  3743    2.05996e+00
  3744    2.06292e+00
  3745    2.06588e+00
  3746    2.06884e+00
  3747    2.07181e+00
  3748    2.07479e+00
  3749    2.07777e+00
  3750    2.08075e+00
  3751    2.08373e+00
  3752    2.08672e+00
  3753    2.08972e+00
  3754    2.09271e+00
  3755    2.09572e+00
  3756    2.09872e+00
  3757    2.10173e+00
  3758    2.10475e+00
  3759    2.10777e+00
  3760    2.11079e+00
  3761    2.11382e+00
  3762    2.11685e+00
  3763    2.11989e+00
  3764    2.12293e+00
  3765    2.12597e+00
  3766    2.12902e+00
  3767    2.13207e+00
  3768    2.13513e+00
  3769    2.13819e+00
  3770    2.14126e+00
  3771    2.14432e+00
  3772    2.14740e+00
  3773    2.15048e+00
  3774    2.15356e+00
  3775    2.15665e+00
  3776    2.15974e+00
  3777    2.16283e+00
  3778    2.16593e+00
  3779    2.16903e+00
  3780    2.17214e+00
  3781    2.17525e+00
  3782    2.17837e+00
  3783    2.18149e+00
  3784    2.18462e+00
  3785    2.18775e+00
  3786    2.19088e+00
  3787    2.19402e+00
  3788    2.19716e+00
  3789    2.20031e+00
  3790    2.20346e+00
  3791    2.20662e+00
  3792    2.20978e+00
  3793    2.21294e+00
  3794    2.21611e+00
  3795    2.21928e+00
  3796    2.22246e+00
  3797    2.22564e+00
  3798    2.22883e+00
  3799    2.23202e+00
  3800    2.23521e+00
  3801    2.23841e+00
  3802    2.24162e+00
  3803    2.24483e+00
  3804    2.24804e+00
  3805    2.25126e+00
  3806    2.25448e+00
  3807    2.25770e+00
  3808    2.26093e+00
  3809    2.26417e+00
  3810    2.26741e+00
  3811    2.27065e+00
  3812    2.27390e+00
  3813    2.27715e+00
  3814    2.28041e+00
  3815    2.28367e+00
  3816    2.28694e+00
  3817    2.29021e+00
  3818    2.29349e+00
  3819    2.29677e+00
  3820    2.30005e+00
  3821    2.30334e+00
  3822    2.30664e+00
  3823    2.30993e+00
  3824    2.31324e+00
  3825    2.31654e+00
  3826    2.31986e+00
  3827    2.32317e+00
  3828    2.32649e+00
  3829    2.32982e+00
  3830    2.33315e+00
  3831    2.33648e+00
  3832    2.33982e+00
  3833    2.34317e+00
  3834    2.34652e+00
  3835    2.34987e+00
  3836    2.35323e+00
  3837    2.35659e+00
  3838    2.35996e+00
  3839    2.36333e+00
  3840    2.36671e+00
  3841    2.37009e+00
  3842    2.37347e+00
  3843    2.37687e+00
  3844    2.38026e+00
  3845    2.38366e+00
  3846    2.38707e+00
  3847    2.39047e+00
  3848    2.39389e+00
  3849    2.39731e+00
  3850    2.40073e+00
  3851    2.40416e+00
  3852    2.40759e+00
  3853    2.41103e+00
  3854    2.41447e+00
  3855    2.41792e+00
  3856    2.42137e+00
  3857    2.42483e+00
  3858    2.42829e+00
  3859    2.43176e+00
  3860    2.43523e+00
  3861    2.43871e+00
  3862    2.44219e+00
  3863    2.44567e+00
  3864    2.44916e+00
  3865    2.45266e+00
  3866    2.45616e+00
  3867    2.45966e+00
  3868    2.46317e+00
  3869    2.46669e+00
  3870    2.47021e+00
  3871    2.47373e+00
  3872    2.47726e+00
  3873    2.48079e+00
  3874    2.48433e+00
  3875    2.48788e+00
  3876    2.49143e+00
  3877    2.49498e+00
  3878    2.49854e+00
  3879    2.50210e+00
  3880    2.50567e+00
  3881    2.50924e+00
  3882    2.51282e+00
  3883    2.51640e+00
  3884    2.51999e+00
  3885    2.52359e+00
  3886    2.52718e+00
  3887    2.53079e+00
  3888    2.53439e+00
  3889    2.53801e+00
  3890    2.54163e+00
  3891    2.54525e+00
  3892    2.54888e+00
  3893    2.55251e+00
  3894    2.55615e+00
  3895    2.55979e+00
  3896    2.56344e+00
  3897    2.56709e+00
  3898    2.57075e+00
  3899    2.57441e+00
  3900    2.57808e+00
  3901    2.58175e+00
  3902    2.58543e+00
  3903    2.58912e+00
  3904    2.59280e+00
  3905    2.59650e+00
  3906    2.60020e+00
  3907    2.60390e+00
  3908    2.60761e+00
  3909    2.61132e+00
  3910    2.61504e+00
  3911    2.61877e+00
  3912    2.62250e+00
  3913    2.62623e+00
  3914    2.62997e+00
  3915    2.63372e+00
  3916    2.63747e+00
  3917    2.64122e+00
  3918    2.64498e+00
  3919    2.64875e+00
  3920    2.65252e+00
  3921    2.65629e+00
  3922    2.66007e+00
  3923    2.66386e+00
  3924    2.66765e+00
  3925    2.67145e+00
  3926    2.67525e+00
  3927    2.67906e+00
  3928    2.68287e+00
  3929    2.68669e+00
  3930    2.69051e+00
  3931    2.69434e+00
  3932    2.69817e+00
  3933    2.70201e+00
  3934    2.70586e+00
  3935    2.70971e+00
  3936    2.71356e+00
  3937    2.71742e+00
  3938    2.72129e+00
  3939    2.72516e+00
  3940    2.72904e+00
  3941    2.73292e+00
  3942    2.73680e+00
  3943    2.74070e+00
  3944    2.74459e+00
  3945    2.74850e+00
  3946    2.75241e+00
  3947    2.75632e+00
  3948    2.76024e+00
  3949    2.76416e+00
  3950    2.76809e+00
  3951    2.77203e+00
  3952    2.77597e+00
  3953    2.77992e+00
  3954    2.78387e+00
  3955    2.78782e+00
  3956    2.79179e+00
  3957    2.79575e+00
  3958    2.79973e+00
  3959    2.80371e+00
  3960    2.80769e+00
  3961    2.81168e+00
  3962    2.81568e+00
  3963    2.81968e+00
  3964    2.82368e+00
  3965    2.82770e+00
  3966    2.83171e+00
  3967    2.83574e+00
  3968    2.83977e+00
  3969    2.84380e+00
  3970    2.84784e+00
  3971    2.85189e+00
  3972    2.85594e+00
  3973    2.85999e+00
  3974    2.86405e+00
  3975    2.86812e+00
  3976    2.87220e+00
  3977    2.87627e+00
  3978    2.88036e+00
  3979    2.88445e+00
  3980    2.88855e+00
  3981    2.89265e+00
  3982    2.89675e+00
  3983    2.90087e+00
  3984    2.90498e+00
  3985    2.90911e+00
  3986    2.91324e+00
  3987    2.91737e+00
  3988    2.92151e+00
  3989    2.92566e+00
  3990    2.92981e+00
  3991    2.93397e+00
  3992    2.93814e+00
  3993    2.94231e+00
  3994    2.94648e+00
  3995    2.95066e+00
  3996    2.95485e+00
  3997    2.95904e+00
  3998    2.96324e+00
  3999    2.96745e+00
