     2    3.03241e-07
     3    6.06548e-07
     4    1.01106e-06
     5    1.51686e-06
     6    2.12407e-06
     7    2.83281e-06
     8    3.64323e-06
     9    4.55552e-06
    10    5.56986e-06
    11    6.68649e-06
    12    7.90563e-06
    13    9.22755e-06
    14    1.06525e-05
    15    1.21809e-05
    16    1.38130e-05
    17    1.55491e-05
    18    1.73896e-05
    19    1.93350e-05
    20    2.13856e-05
    21    2.35418e-05
    22    2.58042e-05
    23    2.81732e-05
    24    3.06493e-05
    25    3.32330e-05
    26    3.59249e-05
    27    3.87256e-05
    28    4.16356e-05
    29    4.46555e-05
    30    4.77860e-05
    31    5.10278e-05
    32    5.43814e-05
    33    5.78477e-05
    34    6.14273e-05
    35    6.51209e-05
    36    6.89294e-05
    37    7.28535e-05
    38    7.68939e-05
    39    8.10517e-05
    40    8.53275e-05
    41    8.97222e-05
    42    9.42369e-05
    43    9.88722e-05
    44    1.03629e-04
    45    1.08509e-04
    46    1.13512e-04
    47    1.18640e-04
    48    1.23894e-04
    49    1.29274e-04
    50    1.34782e-04
    51    1.40419e-04
    52    1.46186e-04
    53    1.52084e-04
    54    1.58114e-04
    55    1.64277e-04
    56    1.70575e-04
    57    1.77009e-04
    58    1.83580e-04
    59    1.90289e-04
    60    1.97137e-04
    61    2.04127e-04
    62    2.11259e-04
    63    2.18534e-04
    64    2.25954e-04
    65    2.33520e-04
    66    2.41235e-04
    67    2.49098e-04
    68    2.57112e-04
    69    2.65277e-04
    70    2.73597e-04
    71    2.82071e-04
    72    2.90703e-04
    73    2.99492e-04
    74    3.08441e-04
    75    3.17552e-04
    76    3.26825e-04
    77    3.36263e-04
    78    3.45868e-04
    79    3.55641e-04
    80    3.65583e-04
    81    3.75697e-04
    82    3.85985e-04
    83    3.96447e-04
    84    4.07087e-04
    85    4.17905e-04
    86    4.28904e-04
    87    4.40085e-04
    88    4.51451e-04
    89    4.63004e-04
    90    4.74744e-04
    91    4.86676e-04
    92    4.98799e-04
    93    5.11117e-04
    94    5.23632e-04
    95    5.36345e-04
    96    5.49258e-04
    97    5.62375e-04
    98    5.75697e-04
    99    5.89226e-04
   100    6.02964e-04
   101    6.16914e-04
   102    6.31078e-04
   103    6.45458e-04
   104    6.60057e-04
   105    6.74877e-04
   106    6.89920e-04
   107    7.05188e-04
   108    7.20685e-04
   109    7.36413e-04
   110    7.52374e-04
   111    7.68570e-04
   112    7.85005e-04
   113    8.01680e-04
   114    8.18599e-04
   115    8.35764e-04
   116    8.53177e-04
   117    8.70842e-04
   118    8.88761e-04
   119    9.06937e-04
   120    9.25372e-04
   121    9.44070e-04
   122    9.63034e-04
   123    9.82265e-04
   124    1.00177e-03
   125    1.02154e-03
   126    1.04160e-03
   127    1.06193e-03
   128    1.08255e-03
   129    1.10345e-03
   130    1.12465e-03
   131    1.14613e-03
   132    1.16791e-03
   133    1.18999e-03
   134    1.21237e-03
   135    1.23506e-03
   136    1.25805e-03
   137    1.28136e-03
   138    1.30498e-03
   139    1.32893e-03
   140    1.35319e-03
   141    1.37778e-03
   142    1.40270e-03
   143    1.42795e-03
   144    1.45354e-03
   145    1.47947e-03
   146    1.50574e-03
   147    1.53237e-03
   148    1.55934e-03
   149    1.58667e-03
   150    1.61435e-03
   151    1.64240e-03
   152    1.67082e-03
   153    1.69961e-03
   154    1.72877e-03
   155    1.75831e-03
   156    1.78823e-03
   157    1.81855e-03
   158    1.84925e-03
   159    1.88035e-03
   160    1.91185e-03
   161    1.94375e-03
   162    1.97606e-03
   163    2.00879e-03
   164    2.04193e-03
   165    2.07549e-03
   166    2.10948e-03
   167    2.14391e-03
   168    2.17876e-03
   169    2.21406e-03
   170    2.24981e-03
   171    2.28600e-03
   172    2.32265e-03
   173    2.35976e-03
   174    2.39733e-03
   175    2.43538e-03
   176    2.47390e-03
   177    2.51290e-03
   178    2.55238e-03
   179    2.59236e-03
   180    2.63283e-03
   181    2.67380e-03
   182    2.71528e-03
   183    2.75727e-03
   184    2.79978e-03
   185    2.84281e-03
   186    2.88637e-03
   187    2.93047e-03
   188    2.97510e-03
   189    3.02028e-03
   190    3.06602e-03
   191    3.11231e-03
   192    3.15916e-03
   193    3.20659e-03
   194    3.25459e-03
   195    3.30317e-03
   196    3.35235e-03
   197    3.40211e-03
   198    3.45248e-03
   199    3.50346e-03
   200    3.55505e-03
   201    3.60726e-03
   202    3.66010e-03
   203    3.71357e-03
   204    3.76769e-03
   205    3.82245e-03
   206    3.87786e-03
   207    3.93394e-03
   208    3.99069e-03
   209    4.04812e-03
   210    4.10622e-03
   211    4.16502e-03
   212    4.22452e-03
   213    4.28472e-03
   214    4.34564e-03
   215    4.40728e-03
   216    4.46964e-03
   217    4.53275e-03
   218    4.59659e-03
   219    4.66119e-03
   220    4.72655e-03
   221    4.79268e-03
   222    4.85959e-03
   223    4.92728e-03
   224    4.99577e-03
   225    5.06506e-03
   226    5.13515e-03
   227    5.20607e-03
   228    5.27782e-03
   229    5.35040e-03
   230    5.42384e-03
   231    5.49812e-03
   232    5.57327e-03
   233    5.64930e-03
   234    5.72620e-03
   235    5.80400e-03
   236    5.88271e-03
   237    5.96232e-03
   238    6.04286e-03
   239    6.12433e-03
   240    6.20673e-03
   241    6.29010e-03
   242    6.37442e-03
   243    6.45972e-03
   244    6.54599e-03
   245    6.63327e-03
   246    6.72154e-03
   247    6.81083e-03
   248    6.90115e-03
   249    6.99250e-03
   250    7.08490e-03
   251    7.17836e-03
   252    7.27289e-03
   253    7.36850e-03
   254    7.46521e-03
   255    7.56302e-03
   256    7.66194e-03
   257    7.76200e-03
   258    7.86320e-03
   259    7.96555e-03
   260    8.06907e-03
   261    8.17376e-03
   262    8.27965e-03
   263    8.38674e-03
   264    8.49505e-03
   265    8.60458e-03
   266    8.71536e-03
   267    8.82740e-03
   268    8.94071e-03
   269    9.05530e-03
   270    9.17119e-03
   271    9.28838e-03
   272    9.40691e-03
   273    9.52677e-03
   274    9.64799e-03
   275    9.77058e-03
   276    9.89455e-03
   277    1.00199e-02
   278    1.01467e-02
   279    1.02749e-02
   280    1.04046e-02
   281    1.05357e-02
   282    1.06683e-02
   283    1.08023e-02
   284    1.09379e-02
   285    1.10750e-02
   286    1.12137e-02
   287    1.13539e-02
   288    1.14957e-02
   289    1.16390e-02
   290    1.17840e-02
   291    1.19306e-02
   292    1.20788e-02
   293    1.22287e-02
   294    1.23803e-02
   295    1.25336e-02
   296    1.26886e-02
   297    1.28453e-02
   298    1.30038e-02
   299    1.31640e-02
   300    1.33260e-02
   301    1.34899e-02
   302    1.36555e-02
   303    1.38230e-02
   304    1.39924e-02
   305    1.41637e-02
   306    1.43368e-02
   307    1.45119e-02
   308    1.46890e-02
   309    1.48680e-02
   310    1.50490e-02
   311    1.52320e-02
   312    1.54171e-02
   313    1.56042e-02
   314    1.57934e-02
   315    1.59847e-02
   316    1.61781e-02
   317    1.63736e-02
   318    1.65713e-02
   319    1.67713e-02
   320    1.69734e-02
   321    1.71778e-02
   322    1.73844e-02
   323    1.75933e-02
   324    1.78046e-02
   325    1.80182e-02
   326    1.82341e-02
   327    1.84524e-02
   328    1.86732e-02
   329    1.88964e-02
   330    1.91220e-02
   331    1.93502e-02
   332    1.95809e-02
   333    1.98141e-02
   334    2.00499e-02
   335    2.02883e-02
   336    2.05293e-02
   337    2.07730e-02
   338    2.10194e-02
   339    2.12685e-02
   340    2.15204e-02
   341    2.17750e-02
   342    2.20324e-02
   343    2.22927e-02
   344    2.25558e-02
   345    2.28219e-02
   346    2.30908e-02
   347    2.33628e-02
   348    2.36377e-02
   349    2.39156e-02
   350    2.41967e-02
   351    2.44808e-02
   352    2.47680e-02
   353    2.50584e-02
   354    2.53520e-02
   355    2.56488e-02
   356    2.59489e-02
   357    2.62523e-02
   358    2.65590e-02
   359    2.68691e-02
   360    2.71825e-02
   361    2.74995e-02
   362    2.78199e-02
   363    2.81438e-02
   364    2.84713e-02
   365    2.88024e-02
   366    2.91372e-02
   367    2.94756e-02
   368    2.98177e-02
   369    3.01636e-02
   370    3.05132e-02
   371    3.08667e-02
   372    3.12241e-02
   373    3.15854e-02
   374    3.19507e-02
   375    3.23199e-02
   376    3.26933e-02
   377    3.30707e-02
   378    3.34522e-02
   379    3.38380e-02
   380    3.42279e-02
   381    3.46222e-02
   382    3.50207e-02
   383    3.54237e-02
   384    3.58310e-02
   385    3.62428e-02
   386    3.66591e-02
   387    3.70800e-02
   388    3.75055e-02
   389    3.79356e-02
   390    3.83705e-02
   391    3.88101e-02
   392    3.92545e-02
   393    3.97038e-02
   394    4.01581e-02
   395    4.06173e-02
   396    4.10815e-02
   397    4.15508e-02
   398    4.20252e-02
   399    4.25049e-02
   400    4.29897e-02
   401    4.34799e-02
   402    4.39755e-02
   403    4.44765e-02
   404    4.49829e-02
   405    4.54949e-02
   406    4.60125e-02
   407    4.65358e-02
   408    4.70648e-02
   409    4.75995e-02
   410    4.81402e-02
   411    4.86867e-02
   412    4.92392e-02
   413    4.97978e-02
   414    5.03625e-02
   415    5.09333e-02
   416    5.15104e-02
   417    5.20938e-02
   418    5.26836e-02
   419    5.32799e-02
   420    5.38826e-02
   421    5.44920e-02
   422    5.51080e-02
   423    5.57308e-02
   424    5.63604e-02
   425    5.69968e-02
   426    5.76403e-02
   427    5.82907e-02
   428    5.89483e-02
   429    5.96131e-02
   430    6.02851e-02
   431    6.09645e-02
   432    6.16513e-02
   433    6.23457e-02
   434    6.30476e-02
   435    6.37572e-02
   436    6.44746e-02
   437    6.51998e-02
   438    6.59330e-02
   439    6.66741e-02
   440    6.74234e-02
   441    6.81809e-02
   442    6.89467e-02
   443    6.97208e-02
   444    7.05034e-02
   445    7.12946e-02
   446    7.20945e-02
   447    7.29031e-02
   448    7.37205e-02
   449    7.45469e-02
   450    7.53824e-02
   451    7.62269e-02
   452    7.70808e-02
   453    7.79440e-02
   454    7.88166e-02
   455    7.96988e-02
   456    8.05906e-02
   457    8.14922e-02
   458    8.24037e-02
   459    8.33251e-02
   460    8.42567e-02
   461    8.51984e-02
   462    8.61505e-02
   463    8.71130e-02
   464    8.80860e-02
   465    8.90697e-02
   466    9.00642e-02
   467    9.10696e-02
   468    9.20860e-02
   469    9.31135e-02
   470    9.41523e-02
   471    9.52025e-02
   472    9.62642e-02
   473    9.73375e-02
   474    9.84226e-02
   475    9.95196e-02
   476    1.00629e-01
   477    1.01750e-01
   478    1.02883e-01
   479    1.04029e-01
   480    1.05188e-01
   481    1.06359e-01
   482    1.07543e-01
   483    1.08740e-01
   484    1.09950e-01
   485    1.11174e-01
   486    1.12411e-01
   487    1.13661e-01
   488    1.14925e-01
   489    1.16203e-01
   490    1.17496e-01
   491    1.18802e-01
   492    1.20123e-01
   493    1.21458e-01
   494    1.22808e-01
   495    1.24172e-01
   496    1.25552e-01
   497    1.26947e-01
   498    1.28357e-01
   499    1.29783e-01
   500    1.31224e-01
   501    1.32681e-01
   502    1.34155e-01
   503    1.35644e-01
   504    1.37150e-01
   505    1.38672e-01
   506    1.40212e-01
   507    1.41768e-01
   508    1.43341e-01
   509    1.44932e-01
   510    1.46540e-01
   511    1.48165e-01
   512    1.49809e-01
   513    1.51471e-01
   514    1.53151e-01
   515    1.54850e-01
   516    1.56567e-01
   517    1.58303e-01
   518    1.60059e-01
   519    1.61834e-01
   520    1.63628e-01
   521    1.65442e-01
   522    1.67276e-01
   523    1.69131e-01
   524    1.71006e-01
   525    1.72901e-01
   526    1.74818e-01
   527    1.76756e-01
   528    1.78715e-01
   529    1.80696e-01
   530    1.82698e-01
   531    1.84723e-01
   532    1.86770e-01
   533    1.88840e-01
   534    1.90932e-01
   535    1.93048e-01
   536    1.95187e-01
   537    1.97350e-01
   538    1.99537e-01
   539    2.01748e-01
   540    2.03984e-01
   541    2.06244e-01
   542    2.08529e-01
   543    2.10840e-01
   544    2.13176e-01
   545    2.15538e-01
   546    2.17926e-01
   547    2.20341e-01
   548    2.22782e-01
   549    2.25251e-01
   550    2.27747e-01
   551    2.30270e-01
   552    2.32822e-01
   553    2.35402e-01
   554    2.38010e-01
   555    2.40648e-01
   556    2.43315e-01
   557    2.46011e-01
   558    2.48737e-01
   559    2.51494e-01
   560    2.54281e-01
   561    2.57100e-01
   562    2.59949e-01
   563    2.62831e-01
   564    2.65744e-01
   565    2.68690e-01
   566    2.71668e-01
   567    2.74680e-01
   568    2.77725e-01
   569    2.80804e-01
   570    2.83918e-01
   571    2.87066e-01
   572    2.90249e-01
   573    2.93468e-01
   574    2.96723e-01
   575    3.00014e-01
   576    3.03341e-01
   577    3.06706e-01
   578    3.10108e-01
   579    3.13549e-01
   580    3.17027e-01
   581    3.20545e-01
   582    3.24102e-01
   583    3.27698e-01
   584    3.31335e-01
   585    3.35012e-01
   586    3.38731e-01
   587    3.42491e-01
   588    3.46293e-01
   589    3.50138e-01
   590    3.54026e-01
   591    3.57957e-01
   592    3.61932e-01
   593    3.65952e-01
   594    3.70017e-01
   595    3.74127e-01
   596    3.78284e-01
   597    3.82487e-01
   598    3.86737e-01
   599    3.91035e-01
   600    3.95381e-01
   601    3.99776e-01
   602    4.04220e-01
   603    4.08714e-01
   604    4.13259e-01
   605    4.17854e-01
   606    4.22502e-01
   607    4.27201e-01
   608    4.31954e-01
   609    4.36760e-01
   610    4.41619e-01
   611    4.46534e-01
   612    4.51504e-01
   613    4.56530e-01
   614    4.61612e-01
   615    4.66752e-01
   616    4.71950e-01
   617    4.77206e-01
   618    4.82521e-01
   619    4.87897e-01
   620    4.93333e-01
   621    4.98830e-01
   622    5.04389e-01
   623    5.10012e-01
   624    5.15697e-01
   625    5.21447e-01
   626    5.27262e-01
   627    5.33143e-01
   628    5.39090e-01
   629    5.45104e-01
   630    5.51186e-01
   631    5.57337e-01
   632    5.63558e-01
   633    5.69849e-01
   634    5.76212e-01
   635    5.82646e-01
   636    5.89154e-01
   637    5.95735e-01
   638    6.02391e-01
   639    6.09122e-01
   640    6.15930e-01
   641    6.22815e-01
   642    6.29778e-01
   643    6.36820e-01
   644    6.43942e-01
   645    6.51145e-01
   646    6.58430e-01
   647    6.65797e-01
   648    6.73249e-01
   649    6.80785e-01
   650    6.88407e-01
   651    6.96115e-01
   652    7.03912e-01
   653    7.11797e-01
   654    7.19772e-01
   655    7.27838e-01
   656    7.35995e-01
   657    7.44246e-01
   658    7.52591e-01
   659    7.61031e-01
   660    7.69568e-01
   661    7.78202e-01
   662    7.86934e-01
   663    7.95766e-01
   664    8.04699e-01
   665    8.13735e-01
   666    8.22873e-01
   667    8.32116e-01
   668    8.41465e-01
   669    8.50920e-01
   670    8.60484e-01
   671    8.70158e-01
   672    8.79942e-01
   673    8.89838e-01
   674    8.99848e-01
   675    9.09973e-01
   676    9.20213e-01
   677    9.30572e-01
   678    9.41049e-01
   679    9.51646e-01
   680    9.62365e-01
   681    9.73207e-01
   682    9.84173e-01
   683    9.95266e-01
   684    1.00649e+00
   685    1.01784e+00
   686    1.02932e+00
   687    1.04093e+00
   688    1.05267e+00
   689    1.06455e+00
   690    1.07657e+00
   691    1.08873e+00
   692    1.10102e+00
   693    1.11346e+00
   694    1.12604e+00
   695    1.13877e+00
   696    1.15164e+00
   697    1.16467e+00
   698    1.17784e+00
   699    1.19116e+00
   700    1.20464e+00
   701    1.21828e+00
   702    1.23207e+00
   703    1.24602e+00
   704    1.26014e+00
   705    1.27441e+00
   706    1.28885e+00
   707    1.30346e+00
   708    1.31824e+00
   709    1.33319e+00
   710    1.34832e+00
   711    1.36361e+00
   712    1.37909e+00
   713    1.39475e+00
   714    1.41058e+00
   715    1.42661e+00
   716    1.44281e+00
   717    1.45921e+00
   718    1.47580e+00
   719    1.49258e+00
   720    1.50955e+00
   721    1.52672e+00
   722    1.54410e+00
   723    1.56167e+00
   724    1.57945e+00
   725    1.59744e+00
   726    1.61563e+00
   727    1.63404e+00
   728    1.65266e+00
   729    1.67151e+00
   730    1.69057e+00
   731    1.70985e+00
   732    1.72936e+00
   733    1.74909e+00
   734    1.76906e+00
   735    1.78926e+00
   736    1.80970e+00
   737    1.83038e+00
   738    1.85129e+00
   739    1.87246e+00
   740    1.89387e+00
   741    1.91553e+00
   742    1.93745e+00
   743    1.95962e+00
   744    1.98205e+00
   745    2.00475e+00
   746    2.02771e+00
   747    2.05095e+00
   748    2.07445e+00
   749    2.09823e+00
   750    2.12229e+00
   751    2.14664e+00
   752    2.17127e+00
   753    2.19619e+00
   754    2.22141e+00
   755    2.24692e+00
   756    2.27273e+00
   757    2.29884e+00
   758    2.32527e+00
   759    2.35200e+00
   760    2.37905e+00
   761    2.40642e+00
   762    2.43412e+00
   763    2.46214e+00
   764    2.49049e+00
   765    2.51918e+00
   766    2.54820e+00
   767    2.57757e+00
   768    2.60729e+00
   769    2.63736e+00
   770    2.66778e+00
   771    2.69857e+00
   772    2.72972e+00
   773    2.76124e+00
   774    2.79313e+00
   775    2.82540e+00
   776    2.85805e+00
   777    2.89110e+00
   778    2.92453e+00
   779    2.95836e+00
   780    2.99260e+00
   781    3.02724e+00
   782    3.06229e+00
   783    3.09776e+00
   784    3.13365e+00
   785    3.16997e+00
   786    3.20672e+00
   787    3.24391e+00
   788    3.28155e+00
   789    3.31963e+00
   790    3.35816e+00
   791    3.39716e+00
   792    3.43662e+00
   793    3.47656e+00
   794    3.51697e+00
   795    3.55786e+00
   796    3.59924e+00
   797    3.64112e+00
   798    3.68350e+00
   799    3.72638e+00
   800    3.76978e+00
   801    3.81370e+00
   802    3.85815e+00
   803    3.90313e+00
   804    3.94864e+00
   805    3.99471e+00
   806    4.04132e+00
   807    4.08850e+00
   808    4.13624e+00
   809    4.18456e+00
   810    4.23346e+00
   811    4.28294e+00
   812    4.33303e+00
   813    4.38371e+00
   814    4.43500e+00
   815    4.48692e+00
   816    4.53945e+00
   817    4.59262e+00
   818    4.64643e+00
   819    4.70090e+00
   820    4.75601e+00
   821    4.81180e+00
   822    4.86825e+00
   823    4.92539e+00
   824    4.98322e+00
   825    5.04175e+00
   826    5.10099e+00
   827    5.16094e+00
   828    5.22162e+00
   829    5.28304e+00
   830    5.34520e+00
   831    5.40811e+00
   832    5.47179e+00
   833    5.53623e+00
   834    5.60146e+00
   835    5.66748e+00
   836    5.73431e+00
   837    5.80194e+00
   838    5.87040e+00
   839    5.93969e+00
   840    6.00982e+00
   841    6.08080e+00
   842    6.15265e+00
   843    6.22538e+00
   844    6.29899e+00
   845    6.37350e+00
   846    6.44891e+00
   847    6.52525e+00
   848    6.60252e+00
   849    6.68073e+00
   850    6.75989e+00
   851    6.84003e+00
   852    6.92114e+00
   853    7.00324e+00
   854    7.08635e+00
   855    7.17048e+00
   856    7.25563e+00
   857    7.34183e+00
   858    7.42909e+00
   859    7.51741e+00
   860    7.60682e+00
   861    7.69732e+00
   862    7.78894e+00
   863    7.88168e+00
   864    7.97555e+00
   865    8.07059e+00
   866    8.16679e+00
   867    8.26417e+00
   868    8.36275e+00
   869    8.46255e+00
   870    8.56357e+00
   871    8.66584e+00
   872    8.76937e+00
   873    8.87417e+00
   874    8.98027e+00
   875    9.08768e+00
   876    9.19641e+00
   877    9.30648e+00
   878    9.41792e+00
   879    9.53073e+00
   880    9.64494e+00
   881    9.76056e+00
   882    9.87761e+00
   883    9.99611e+00
   884    1.01161e+01
   885    1.02375e+01
   886    1.03605e+01
   887    1.04850e+01
   888    1.06110e+01
   889    1.07386e+01
   890    1.08678e+01
   891    1.09985e+01
   892    1.11310e+01
   893    1.12650e+01
   894    1.14007e+01
   895    1.15381e+01
   896    1.16773e+01
   897    1.18181e+01
   898    1.19607e+01
   899    1.21051e+01
   900    1.22513e+01
   901    1.23993e+01
   902    1.25491e+01
   903    1.27009e+01
   904    1.28545e+01
   905    1.30100e+01
   906    1.31675e+01
   907    1.33270e+01
   908    1.34884e+01
   909    1.36519e+01
   910    1.38174e+01
   911    1.39850e+01
   912    1.41547e+01
   913    1.43265e+01
   914    1.45005e+01
   915    1.46767e+01
   916    1.48550e+01
   917    1.50357e+01
   918    1.52185e+01
   919    1.54037e+01
   920    1.55912e+01
   921    1.57811e+01
   922    1.59734e+01
   923    1.61680e+01
   924    1.63652e+01
   925    1.65648e+01
   926    1.67669e+01
   927    1.69716e+01
   928    1.71789e+01
   929    1.73888e+01
   930    1.76013e+01
   931    1.78166e+01
   932    1.80345e+01
   933    1.82552e+01
   934    1.84787e+01
   935    1.87050e+01
   936    1.89342e+01
   937    1.91663e+01
   938    1.94014e+01
   939    1.96394e+01
   940    1.98805e+01
   941    2.01246e+01
   942    2.03718e+01
   943    2.06221e+01
   944    2.08756e+01
   945    2.11324e+01
   946    2.13924e+01
   947    2.16557e+01
   948    2.19224e+01
   949    2.21925e+01
   950    2.24660e+01
   951    2.27431e+01
   952    2.30236e+01
   953    2.33077e+01
   954    2.35955e+01
   955    2.38869e+01
   956    2.41821e+01
   957    2.44810e+01
   958    2.47838e+01
   959    2.50904e+01
   960    2.54009e+01
   961    2.57155e+01
   962    2.60340e+01
   963    2.63567e+01
   964    2.66835e+01
   965    2.70145e+01
   966    2.73497e+01
   967    2.76892e+01
   968    2.80332e+01
   969    2.83815e+01
   970    2.87343e+01
   971    2.90916e+01
   972    2.94536e+01
   973    2.98202e+01
   974    3.01915e+01
   975    3.05676e+01
   976    3.09486e+01
   977    3.13345e+01
   978    3.17254e+01
   979    3.21213e+01
   980    3.25223e+01
   981    3.29286e+01
   982    3.33400e+01
   983    3.37568e+01
   984    3.41790e+01
   985    3.46067e+01
   986    3.50399e+01
   987    3.54787e+01
   988    3.59232e+01
   989    3.63735e+01
   990    3.68296e+01
   991    3.72917e+01
   992    3.77598e+01
   993    3.82339e+01
   994    3.87142e+01
   995    3.92008e+01
   996    3.96937e+01
   997    4.01930e+01
   998    4.06988e+01
   999    4.12112e+01
  1000    4.17303e+01
  1001    4.22562e+01
  1002    4.27890e+01
  1003    4.33287e+01
  1004    4.38754e+01
  1005    4.44293e+01
  1006    4.49905e+01
  1007    4.55590e+01
  1008    4.61349e+01
  1009    4.67184e+01
  1010    4.73095e+01
  1011    4.79084e+01
  1012    4.85151e+01
  1013    4.91298e+01
  1014    4.97526e+01
  1015    5.03835e+01
  1016    5.10228e+01
  1017    5.16704e+01
  1018    5.23266e+01
  1019    5.29914e+01
  1020    5.36650e+01
  1021    5.43474e+01
  1022    5.50388e+01
  1023    5.57394e+01
  1024    5.64492e+01
  1025    5.71683e+01
  1026    5.78970e+01
  1027    5.86353e+01
  1028    5.93833e+01
  1029    6.01412e+01
  1030    6.09092e+01
  1031    6.16873e+01
  1032    6.24758e+01
  1033    6.32747e+01
  1034    6.40841e+01
  1035    6.49044e+01
  1036    6.57355e+01
  1037    6.65776e+01
  1038    6.74309e+01
  1039    6.82956e+01
  1040    6.91717e+01
  1041    7.00595e+01
  1042    7.09592e+01
  1043    7.18708e+01
  1044    7.27945e+01
  1045    7.37306e+01
  1046    7.46791e+01
  1047    7.56403e+01
  1048    7.66143e+01
  1049    7.76014e+01
  1050    7.86016e+01
  1051    7.96152e+01
  1052    8.06423e+01
  1053    8.16832e+01
  1054    8.27381e+01
  1055    8.38070e+01
  1056    8.48903e+01
  1057    8.59881e+01
  1058    8.71006e+01
  1059    8.82281e+01
  1060    8.93707e+01
  1061    9.05286e+01
  1062    9.17021e+01
  1063    9.28914e+01
  1064    9.40967e+01
  1065    9.53182e+01
  1066    9.65562e+01
  1067    9.78108e+01
  1068    9.90824e+01
  1069    1.00371e+02
  1070    1.01677e+02
  1071    1.03001e+02
  1072    1.04342e+02
  1073    1.05702e+02
  1074    1.07080e+02
  1075    1.08477e+02
  1076    1.09893e+02
  1077    1.11328e+02
  1078    1.12782e+02
  1079    1.14256e+02
  1080    1.15750e+02
  1081    1.17264e+02
  1082    1.18799e+02
  1083    1.20354e+02
  1084    1.21931e+02
  1085    1.23529e+02
  1086    1.25149e+02
  1087    1.26791e+02
  1088    1.28456e+02
  1089    1.30143e+02
  1090    1.31853e+02
  1091    1.33586e+02
  1092    1.35343e+02
  1093    1.37124e+02
  1094    1.38929e+02
  1095    1.40759e+02
  1096    1.42614e+02
  1097    1.44494e+02
  1098    1.46400e+02
  1099    1.48332e+02
  1100    1.50291e+02
  1101    1.52276e+02
  1102    1.54289e+02
  1103    1.56329e+02
  1104    1.58397e+02
  1105    1.60494e+02
  1106    1.62619e+02
  1107    1.64774e+02
  1108    1.66958e+02
  1109    1.69173e+02
  1110    1.71418e+02
  1111    1.73693e+02
  1112    1.76000e+02
  1113    1.78339e+02
  1114    1.80711e+02
  1115    1.83114e+02
  1116    1.85552e+02
  1117    1.88022e+02
  1118    1.90527e+02
  1119    1.93067e+02
  1120    1.95641e+02
  1121    1.98252e+02
  1122    2.00898e+02
  1123    2.03581e+02
  1124    2.06302e+02
  1125    2.09060e+02
  1126    2.11856e+02
  1127    2.14692e+02
  1128    2.17566e+02
  1129    2.20481e+02
  1130    2.23436e+02
  1131    2.26432e+02
  1132    2.29470e+02
  1133    2.32550e+02
  1134    2.35673e+02
  1135    2.38840e+02
  1136    2.42051e+02
  1137    2.45306e+02
  1138    2.48608e+02
  1139    2.51955e+02
  1140    2.55349e+02
  1141    2.58790e+02
  1142    2.62280e+02
  1143    2.65819e+02
  1144    2.69407e+02
  1145    2.73045e+02
  1146    2.76734e+02
  1147    2.80476e+02
  1148    2.84269e+02
  1149    2.88116e+02
  1150    2.92017e+02
  1151    2.95973e+02
  1152    2.99984e+02
  1153    3.04052e+02
  1154    3.08177e+02
  1155    3.12361e+02
  1156    3.16603e+02
  1157    3.20905e+02
  1158    3.25268e+02
  1159    3.29692e+02
  1160    3.34179e+02
  1161    3.38729e+02
  1162    3.43344e+02
  1163    3.48023e+02
  1164    3.52769e+02
  1165    3.57583e+02
  1166    3.62464e+02
  1167    3.67415e+02
  1168    3.72436e+02
  1169    3.77528e+02
  1170    3.82692e+02
  1171    3.87930e+02
  1172    3.93242e+02
  1173    3.98629e+02
  1174    4.04094e+02
  1175    4.09636e+02
  1176    4.15257e+02
  1177    4.20958e+02
  1178    4.26740e+02
  1179    4.32605e+02
  1180    4.38554e+02
  1181    4.44587e+02
  1182    4.50707e+02
  1183    4.56914e+02
  1184    4.63210e+02
  1185    4.69596e+02
  1186    4.76073e+02
  1187    4.82643e+02
  1188    4.89307e+02
  1189    4.96067e+02
  1190    5.02924e+02
  1191    5.09879e+02
  1192    5.16934e+02
  1193    5.24091e+02
  1194    5.31350e+02
  1195    5.38713e+02
  1196    5.46183e+02
  1197    5.53760e+02
  1198    5.61447e+02
  1199    5.69244e+02
  1200    5.77153e+02
  1201    5.85177e+02
  1202    5.93316e+02
  1203    6.01573e+02
  1204    6.09950e+02
  1205    6.18447e+02
  1206    6.27068e+02
  1207    6.35813e+02
  1208    6.44684e+02
  1209    6.53685e+02
  1210    6.62815e+02
  1211    6.72079e+02
  1212    6.81476e+02
  1213    6.91010e+02
  1214    7.00683e+02
  1215    7.10496e+02
  1216    7.20451e+02
  1217    7.30552e+02
  1218    7.40800e+02
  1219    7.51196e+02
  1220    7.61745e+02
  1221    7.72447e+02
  1222    7.83305e+02
  1223    7.94322e+02
  1224    8.05500e+02
  1225    8.16841e+02
  1226    8.28347e+02
  1227    8.40022e+02
  1228    8.51868e+02
  1229    8.63887e+02
  1230    8.76083e+02
  1231    8.88457e+02
  1232    9.01012e+02
  1233    9.13752e+02
  1234    9.26678e+02
  1235    9.39795e+02
  1236    9.53104e+02
  1237    9.66609e+02
  1238    9.80313e+02
  1239    9.94218e+02
  1240    1.00833e+03
  1241    1.02265e+03
  1242    1.03718e+03
  1243    1.05192e+03
  1244    1.06688e+03
  1245    1.08206e+03
  1246    1.09747e+03
  1247    1.11310e+03
  1248    1.12897e+03
  1249    1.14507e+03
  1250    1.16140e+03
  1251    1.17798e+03
  1252    1.19481e+03
  1253    1.21188e+03
  1254    1.22921e+03
  1255    1.24680e+03
  1256    1.26465e+03
  1257    1.28276e+03
  1258    1.30114e+03
  1259    1.31979e+03
  1260    1.33873e+03
  1261    1.35794e+03
  1262    1.37744e+03
  1263    1.39723e+03
  1264    1.41732e+03
  1265    1.43770e+03
  1266    1.45839e+03
  1267    1.47939e+03
  1268    1.50071e+03
  1269    1.52234e+03
  1270    1.54430e+03
  1271    1.56658e+03
  1272    1.58920e+03
  1273    1.61215e+03
  1274    1.63546e+03
  1275    1.65911e+03
  1276    1.68311e+03
  1277    1.70748e+03
  1278    1.73221e+03
  1279    1.75731e+03
  1280    1.78279e+03
  1281    1.80866e+03
  1282    1.83491e+03
  1283    1.86156e+03
  1284    1.88862e+03
  1285    1.91607e+03
  1286    1.94395e+03
  1287    1.97224e+03
  1288    2.00096e+03
  1289    2.03012e+03
  1290    2.05972e+03
  1291    2.08976e+03
  1292    2.12026e+03
  1293    2.15122e+03
  1294    2.18265e+03
  1295    2.21456e+03
  1296    2.24695e+03
  1297    2.27983e+03
  1298    2.31321e+03
  1299    2.34710e+03
  1300    2.38151e+03
  1301    2.41643e+03
  1302    2.45189e+03
  1303    2.48789e+03
  1304    2.52444e+03
  1305    2.56154e+03
  1306    2.59921e+03
  1307    2.63745e+03
  1308    2.67628e+03
  1309    2.71570e+03
  1310    2.75573e+03
  1311    2.79636e+03
  1312    2.83762e+03
  1313    2.87951e+03
  1314    2.92204e+03
  1315    2.96522e+03
  1316    3.00906e+03
  1317    3.05358e+03
  1318    3.09878e+03
  1319    3.14467e+03
  1320    3.19127e+03
  1321    3.23858e+03
  1322    3.28662e+03
  1323    3.33541e+03
  1324    3.38494e+03
  1325    3.43523e+03
  1326    3.48630e+03
  1327    3.53816e+03
  1328    3.59082e+03
  1329    3.64429e+03
  1330    3.69859e+03
  1331    3.75372e+03
  1332    3.80971e+03
  1333    3.86656e+03
  1334    3.92430e+03
  1335    3.98292e+03
  1336    4.04246e+03
  1337    4.10292e+03
  1338    4.16431e+03
  1339    4.22666e+03
  1340    4.28998e+03
  1341    4.35428e+03
  1342    4.41958e+03
  1343    4.48590e+03
  1344    4.55324e+03
  1345    4.62164e+03
  1346    4.69110e+03
  1347    4.76164e+03
  1348    4.83329e+03
  1349    4.90605e+03
  1350    4.97995e+03
  1351    5.05500e+03
  1352    5.13122e+03
  1353    5.20863e+03
  1354    5.28726e+03
  1355    5.36712e+03
  1356    5.44822e+03
  1357    5.53060e+03
  1358    5.61427e+03
  1359    5.69925e+03
  1360    5.78556e+03
  1361    5.87323e+03
  1362    5.96228e+03
  1363    6.05273e+03
  1364    6.14459e+03
  1365    6.23791e+03
  1366    6.33269e+03
  1367    6.42896e+03
  1368    6.52676e+03
  1369    6.62609e+03
  1370    6.72699e+03
  1371    6.82948e+03
  1372    6.93360e+03
  1373    7.03935e+03
  1374    7.14678e+03
  1375    7.25591e+03
  1376    7.36676e+03
  1377    7.47937e+03
  1378    7.59376e+03
  1379    7.70997e+03
  1380    7.82802e+03
  1381    7.94794e+03
  1382    8.06977e+03
  1383    8.19353e+03
  1384    8.31925e+03
  1385    8.44698e+03
  1386    8.57674e+03
  1387    8.70856e+03
  1388    8.84248e+03
  1389    8.97854e+03
  1390    9.11677e+03
  1391    9.25720e+03
  1392    9.39987e+03
  1393    9.54482e+03
  1394    9.69208e+03
  1395    9.84170e+03
  1396    9.99371e+03
  1397    1.01482e+04
  1398    1.03051e+04
  1399    1.04645e+04
  1400    1.06265e+04
  1401    1.07911e+04
  1402    1.09583e+04
  1403    1.11282e+04
  1404    1.13008e+04
  1405    1.14762e+04
  1406    1.16545e+04
  1407    1.18356e+04
  1408    1.20196e+04
  1409    1.22066e+04
  1410    1.23965e+04
  1411    1.25896e+04
  1412    1.27857e+04
  1413    1.29851e+04
  1414    1.31876e+04
  1415    1.33934e+04
  1416    1.36026e+04
  1417    1.38151e+04
  1418    1.40311e+04
  1419    1.42505e+04
  1420    1.44735e+04
  1421    1.47002e+04
  1422    1.49305e+04
  1423    1.51645e+04
  1424    1.54023e+04
  1425    1.56440e+04
  1426    1.58896e+04
  1427    1.61393e+04
  1428    1.63929e+04
  1429    1.66507e+04
  1430    1.69127e+04
  1431    1.71790e+04
  1432    1.74496e+04
  1433    1.77246e+04
  1434    1.80041e+04
  1435    1.82882e+04
  1436    1.85769e+04
  1437    1.88704e+04
  1438    1.91686e+04
  1439    1.94717e+04
  1440    1.97797e+04
  1441    2.00928e+04
  1442    2.04111e+04
  1443    2.07345e+04
  1444    2.10633e+04
  1445    2.13974e+04
  1446    2.17371e+04
  1447    2.20823e+04
  1448    2.24332e+04
  1449    2.27899e+04
  1450    2.31524e+04
  1451    2.35209e+04
  1452    2.38954e+04
  1453    2.42762e+04
  1454    2.46632e+04
  1455    2.50566e+04
  1456    2.54565e+04
  1457    2.58630e+04
  1458    2.62762e+04
  1459    2.66962e+04
  1460    2.71232e+04
  1461    2.75573e+04
  1462    2.79985e+04
  1463    2.84470e+04
  1464    2.89030e+04
  1465    2.93666e+04
  1466    2.98378e+04
  1467    3.03168e+04
  1468    3.08038e+04
  1469    3.12989e+04
  1470    3.18023e+04
  1471    3.23140e+04
  1472    3.28342e+04
  1473    3.33631e+04
  1474    3.39007e+04
  1475    3.44474e+04
  1476    3.50032e+04
  1477    3.55682e+04
  1478    3.61427e+04
  1479    3.67267e+04
  1480    3.73206e+04
  1481    3.79243e+04
  1482    3.85382e+04
  1483    3.91623e+04
  1484    3.97969e+04
  1485    4.04421e+04
  1486    4.10981e+04
  1487    4.17652e+04
  1488    4.24434e+04
  1489    4.31330e+04
  1490    4.38342e+04
  1491    4.45472e+04
  1492    4.52722e+04
  1493    4.60093e+04
  1494    4.67589e+04
  1495    4.75211e+04
  1496    4.82961e+04
  1497    4.90843e+04
  1498    4.98857e+04
  1499    5.07006e+04
  1500    5.15293e+04
  1501    5.23720e+04
  1502    5.32289e+04
  1503    5.41003e+04
  1504    5.49865e+04
  1505    5.58877e+04
  1506    5.68041e+04
  1507    5.77360e+04
  1508    5.86838e+04
  1509    5.96477e+04
  1510    6.06279e+04
  1511    6.16247e+04
  1512    6.26385e+04
  1513    6.36695e+04
  1514    6.47180e+04
  1515    6.57844e+04
  1516    6.68690e+04
  1517    6.79720e+04
  1518    6.90938e+04
  1519    7.02348e+04
  1520    7.13952e+04
  1521    7.25754e+04
  1522    7.37758e+04
  1523    7.49967e+04
  1524    7.62384e+04
  1525    7.75014e+04
  1526    7.87860e+04
  1527    8.00927e+04
  1528    8.14216e+04
  1529    8.27734e+04
  1530    8.41483e+04
  1531    8.55469e+04
  1532    8.69694e+04
  1533    8.84164e+04
  1534    8.98882e+04
  1535    9.13854e+04
  1536    9.29083e+04
  1537    9.44574e+04
  1538    9.60331e+04
  1539    9.76361e+04
  1540    9.92666e+04
  1541    1.00925e+05
  1542    1.02613e+05
  1543    1.04329e+05
  1544    1.06075e+05
  1545    1.07851e+05
  1546    1.09658e+05
  1547    1.11496e+05
  1548    1.13366e+05
  1549    1.15269e+05
  1550    1.17204e+05
  1551    1.19173e+05
  1552    1.21176e+05
  1553    1.23214e+05
  1554    1.25287e+05
  1555    1.27396e+05
  1556    1.29542e+05
  1557    1.31725e+05
  1558    1.33946e+05
  1559    1.36206e+05
  1560    1.38505e+05
  1561    1.40844e+05
  1562    1.43224e+05
  1563    1.45646e+05
  1564    1.48109e+05
  1565    1.50616e+05
  1566    1.53167e+05
  1567    1.55762e+05
  1568    1.58402e+05
  1569    1.61089e+05
  1570    1.63822e+05
  1571    1.66604e+05
  1572    1.69434e+05
  1573    1.72314e+05
  1574    1.75244e+05
  1575    1.78226e+05
  1576    1.81260e+05
  1577    1.84348e+05
  1578    1.87489e+05
  1579    1.90686e+05
  1580    1.93939e+05
  1581    1.97250e+05
  1582    2.00618e+05
  1583    2.04046e+05
  1584    2.07535e+05
  1585    2.11085e+05
  1586    2.14698e+05
  1587    2.18374e+05
  1588    2.22115e+05
  1589    2.25923e+05
  1590    2.29797e+05
  1591    2.33741e+05
  1592    2.37754e+05
  1593    2.41838e+05
  1594    2.45994e+05
  1595    2.50224e+05
  1596    2.54530e+05
  1597    2.58911e+05
  1598    2.63370e+05
  1599    2.67909e+05
  1600    2.72528e+05
  1601    2.77229e+05
  1602    2.82014e+05
  1603    2.86884e+05
  1604    2.91841e+05
  1605    2.96886e+05
  1606    3.02021e+05
  1607    3.07248e+05
  1608    3.12567e+05
  1609    3.17982e+05
  1610    3.23494e+05
  1611    3.29104e+05
  1612    3.34814e+05
  1613    3.40626e+05
  1614    3.46542e+05
  1615    3.52565e+05
  1616    3.58695e+05
  1617    3.64935e+05
  1618    3.71287e+05
  1619    3.77752e+05
  1620    3.84334e+05
  1621    3.91034e+05
  1622    3.97855e+05
  1623    4.04798e+05
  1624    4.11866e+05
  1625    4.19061e+05
  1626    4.26385e+05
  1627    4.33842e+05
  1628    4.41433e+05
  1629    4.49161e+05
  1630    4.57028e+05
  1631    4.65037e+05
  1632    4.73191e+05
  1633    4.81492e+05
  1634    4.89943e+05
  1635    4.98547e+05
  1636    5.07306e+05
  1637    5.16224e+05
  1638    5.25304e+05
  1639    5.34548e+05
  1640    5.43960e+05
  1641    5.53542e+05
  1642    5.63298e+05
  1643    5.73232e+05
  1644    5.83346e+05
  1645    5.93643e+05
  1646    6.04128e+05
  1647    6.14804e+05
  1648    6.25674e+05
  1649    6.36742e+05
  1650    6.48011e+05
  1651    6.59486e+05
  1652    6.71170e+05
  1653    6.83067e+05
  1654    6.95182e+05
  1655    7.07518e+05
  1656    7.20079e+05
  1657    7.32870e+05
  1658    7.45894e+05
  1659    7.59157e+05
  1660    7.72663e+05
  1661    7.86417e+05
  1662    8.00422e+05
  1663    8.14684e+05
  1664    8.29208e+05
  1665    8.43998e+05
  1666    8.59060e+05
  1667    8.74399e+05
  1668    8.90019e+05
  1669    9.05927e+05
  1670    9.22128e+05
  1671    9.38627e+05
  1672    9.55429e+05
  1673    9.72541e+05
  1674    9.89969e+05
  1675    1.00772e+06
  1676    1.02580e+06
  1677    1.04421e+06
  1678    1.06296e+06
  1679    1.08205e+06
  1680    1.10150e+06
  1681    1.12131e+06
  1682    1.14149e+06
  1683    1.16204e+06
  1684    1.18297e+06
  1685    1.20429e+06
  1686    1.22600e+06
  1687    1.24812e+06
  1688    1.27065e+06
  1689    1.29359e+06
  1690    1.31697e+06
  1691    1.34077e+06
  1692    1.36502e+06
  1693    1.38972e+06
  1694    1.41488e+06
  1695    1.44051e+06
  1696    1.46662e+06
  1697    1.49321e+06
  1698    1.52030e+06
  1699    1.54790e+06
  1700    1.57601e+06
  1701    1.60464e+06
  1702    1.63381e+06
  1703    1.66353e+06
  1704    1.69380e+06
  1705    1.72464e+06
  1706    1.75606e+06
  1707    1.78806e+06
  1708    1.82067e+06
  1709    1.85388e+06
  1710    1.88772e+06
  1711    1.92220e+06
  1712    1.95732e+06
  1713    1.99310e+06
  1714    2.02956e+06
  1715    2.06670e+06
  1716    2.10453e+06
  1717    2.14309e+06
  1718    2.18236e+06
  1719    2.22238e+06
  1720    2.26315e+06
  1721    2.30469e+06
  1722    2.34702e+06
  1723    2.39014e+06
  1724    2.43408e+06
  1725    2.47885e+06
  1726    2.52447e+06
  1727    2.57095e+06
  1728    2.61831e+06
  1729    2.66656e+06
  1730    2.71573e+06
  1731    2.76583e+06
  1732    2.81688e+06
  1733    2.86890e+06
  1734    2.92191e+06
  1735    2.97593e+06
  1736    3.03097e+06
  1737    3.08705e+06
  1738    3.14421e+06
  1739    3.20245e+06
  1740    3.26180e+06
  1741    3.32228e+06
  1742    3.38391e+06
  1743    3.44672e+06
  1744    3.51072e+06
  1745    3.57595e+06
  1746    3.64242e+06
  1747    3.71016e+06
  1748    3.77920e+06
  1749    3.84955e+06
  1750    3.92125e+06
  1751    3.99433e+06
  1752    4.06880e+06
  1753    4.14470e+06
  1754    4.22205e+06
  1755    4.30089e+06
  1756    4.38124e+06
  1757    4.46313e+06
  1758    4.54659e+06
  1759    4.63166e+06
  1760    4.71836e+06
  1761    4.80673e+06
  1762    4.89680e+06
  1763    4.98860e+06
  1764    5.08218e+06
  1765    5.17755e+06
  1766    5.27476e+06
  1767    5.37385e+06
  1768    5.47484e+06
  1769    5.57779e+06
  1770    5.68273e+06
  1771    5.78969e+06
  1772    5.89872e+06
  1773    6.00986e+06
  1774    6.12315e+06
  1775    6.23863e+06
  1776    6.35635e+06
  1777    6.47635e+06
  1778    6.59868e+06
  1779    6.72337e+06
  1780    6.85049e+06
  1781    6.98008e+06
  1782    7.11218e+06
  1783    7.24685e+06
  1784    7.38414e+06
  1785    7.52409e+06
  1786    7.66677e+06
  1787    7.81223e+06
  1788    7.96052e+06
  1789    8.11170e+06
  1790    8.26583e+06
  1791    8.42297e+06
  1792    8.58317e+06
  1793    8.74650e+06
  1794    8.91302e+06
  1795    9.08279e+06
  1796    9.25588e+06
  1797    9.43236e+06
  1798    9.61229e+06
  1799    9.79574e+06
  1800    9.98279e+06
  1801    1.01735e+07
  1802    1.03680e+07
  1803    1.05662e+07
  1804    1.07684e+07
  1805    1.09745e+07
  1806    1.11847e+07
  1807    1.13990e+07
  1808    1.16175e+07
  1809    1.18403e+07
  1810    1.20675e+07
  1811    1.22992e+07
  1812    1.25354e+07
  1813    1.27763e+07
  1814    1.30220e+07
  1815    1.32725e+07
  1816    1.35279e+07
  1817    1.37884e+07
  1818    1.40540e+07
  1819    1.43249e+07
  1820    1.46011e+07
  1821    1.48828e+07
  1822    1.51700e+07
  1823    1.54630e+07
  1824    1.57618e+07
  1825    1.60664e+07
  1826    1.63772e+07
  1827    1.66940e+07
  1828    1.70172e+07
  1829    1.73468e+07
  1830    1.76829e+07
  1831    1.80258e+07
  1832    1.83754e+07
  1833    1.87320e+07
  1834    1.90957e+07
  1835    1.94666e+07
  1836    1.98449e+07
  1837    2.02307e+07
  1838    2.06243e+07
  1839    2.10257e+07
  1840    2.14351e+07
  1841    2.18527e+07
  1842    2.22786e+07
  1843    2.27130e+07
  1844    2.31562e+07
  1845    2.36081e+07
  1846    2.40692e+07
  1847    2.45394e+07
  1848    2.50191e+07
  1849    2.55084e+07
  1850    2.60075e+07
  1851    2.65166e+07
  1852    2.70360e+07
  1853    2.75657e+07
  1854    2.81061e+07
  1855    2.86574e+07
  1856    2.92198e+07
  1857    2.97934e+07
  1858    3.03786e+07
  1859    3.09756e+07
  1860    3.15846e+07
  1861    3.22059e+07
  1862    3.28397e+07
  1863    3.34863e+07
  1864    3.41459e+07
  1865    3.48189e+07
  1866    3.55054e+07
  1867    3.62059e+07
  1868    3.69204e+07
  1869    3.76495e+07
  1870    3.83933e+07
  1871    3.91521e+07
  1872    3.99263e+07
  1873    4.07162e+07
  1874    4.15222e+07
  1875    4.23444e+07
  1876    4.31834e+07
  1877    4.40394e+07
  1878    4.49127e+07
  1879    4.58038e+07
  1880    4.67131e+07
  1881    4.76408e+07
  1882    4.85874e+07
  1883    4.95532e+07
  1884    5.05388e+07
  1885    5.15444e+07
  1886    5.25705e+07
  1887    5.36175e+07
  1888    5.46859e+07
  1889    5.57761e+07
  1890    5.68886e+07
  1891    5.80238e+07
  1892    5.91822e+07
  1893    6.03643e+07
  1894    6.15706e+07
  1895    6.28016e+07
  1896    6.40577e+07
  1897    6.53397e+07
  1898    6.66478e+07
  1899    6.79829e+07
  1900    6.93453e+07
  1901    7.07356e+07
  1902    7.21545e+07
  1903    7.36026e+07
  1904    7.50804e+07
  1905    7.65886e+07
  1906    7.81278e+07
  1907    7.96987e+07
  1908    8.13020e+07
  1909    8.29382e+07
  1910    8.46082e+07
  1911    8.63127e+07
  1912    8.80522e+07
  1913    8.98277e+07
  1914    9.16398e+07
  1915    9.34894e+07
  1916    9.53772e+07
  1917    9.73040e+07
  1918    9.92706e+07
  1919    1.01278e+08
  1920    1.03327e+08
  1921    1.05418e+08
  1922    1.07553e+08
  1923    1.09732e+08
  1924    1.11956e+08
  1925    1.14226e+08
  1926    1.16544e+08
  1927    1.18909e+08
  1928    1.21324e+08
  1929    1.23789e+08
  1930    1.26305e+08
  1931    1.28873e+08
  1932    1.31495e+08
  1933    1.34171e+08
  1934    1.36904e+08
  1935    1.39693e+08
  1936    1.42540e+08
  1937    1.45447e+08
  1938    1.48414e+08
  1939    1.51444e+08
  1940    1.54536e+08
  1941    1.57694e+08
  1942    1.60917e+08
  1943    1.64208e+08
  1944    1.67567e+08
  1945    1.70997e+08
  1946    1.74499e+08
  1947    1.78074e+08
  1948    1.81724e+08
  1949    1.85451e+08
  1950    1.89255e+08
  1951    1.93140e+08
  1952    1.97106e+08
  1953    2.01156e+08
  1954    2.05290e+08
  1955    2.09512e+08
  1956    2.13822e+08
  1957    2.18224e+08
  1958    2.22717e+08
  1959    2.27306e+08
  1960    2.31991e+08
  1961    2.36775e+08
  1962    2.41660e+08
  1963    2.46648e+08
  1964    2.51741e+08
  1965    2.56942e+08
  1966    2.62253e+08
  1967    2.67676e+08
  1968    2.73214e+08
  1969    2.78869e+08
  1970    2.84643e+08
  1971    2.90540e+08
  1972    2.96562e+08
  1973    3.02712e+08
  1974    3.08992e+08
  1975    3.15405e+08
  1976    3.21954e+08
  1977    3.28642e+08
  1978    3.35473e+08
  1979    3.42449e+08
  1980    3.49572e+08
  1981    3.56848e+08
  1982    3.64278e+08
  1983    3.71867e+08
  1984    3.79617e+08
  1985    3.87532e+08
  1986    3.95616e+08
  1987    4.03873e+08
  1988    4.12306e+08
  1989    4.20918e+08
  1990    4.29715e+08
  1991    4.38699e+08
  1992    4.47876e+08
  1993    4.57249e+08
  1994    4.66822e+08
  1995    4.76601e+08
  1996    4.86588e+08
  1997    4.96790e+08
  1998    5.07210e+08
  1999    5.17854e+08
  2000    5.28726e+08
  2001    5.39831e+08
  2002    5.51175e+08
  2003    5.62762e+08
  2004    5.74599e+08
  2005    5.86690e+08
  2006    5.99041e+08
  2007    6.11657e+08
  2008    6.24545e+08
  2009    6.37711e+08
  2010    6.51161e+08
  2011    6.64900e+08
  2012    6.78936e+08
  2013    6.93274e+08
  2014    7.07922e+08
  2015    7.22886e+08
  2016    7.38173e+08
  2017    7.53791e+08
  2018    7.69746e+08
  2019    7.86047e+08
  2020    8.02700e+08
  2021    8.19714e+08
  2022    8.37096e+08
  2023    8.54855e+08
  2024    8.72999e+08
  2025    8.91536e+08
  2026    9.10476e+08
  2027    9.29826e+08
  2028    9.49597e+08
  2029    9.69797e+08
  2030    9.90436e+08
  2031    1.01152e+09
  2032    1.03307e+09
  2033    1.05509e+09
  2034    1.07758e+09
  2035    1.10057e+09
  2036    1.12405e+09
  2037    1.14805e+09
  2038    1.17257e+09
  2039    1.19763e+09
  2040    1.22323e+09
  2041    1.24939e+09
  2042    1.27612e+09
  2043    1.30344e+09
  2044    1.33136e+09
  2045    1.35988e+09
  2046    1.38903e+09
  2047    1.41882e+09
  2048    1.44926e+09
  2049    1.48037e+09
  2050    1.51216e+09
  2051    1.54464e+09
  2052    1.57784e+09
  2053    1.61177e+09
  2054    1.64645e+09
  2055    1.68188e+09
  2056    1.71809e+09
  2057    1.75510e+09
  2058    1.79293e+09
  2059    1.83158e+09
  2060    1.87109e+09
  2061    1.91147e+09
  2062    1.95274e+09
  2063    1.99491e+09
  2064    2.03802e+09
  2065    2.08208e+09
  2066    2.12711e+09
  2067    2.17314e+09
  2068    2.22018e+09
  2069    2.26826e+09
  2070    2.31741e+09
  2071    2.36764e+09
  2072    2.41898e+09
  2073    2.47146e+09
  2074    2.52510e+09
  2075    2.57994e+09
  2076    2.63598e+09
  2077    2.69327e+09
  2078    2.75183e+09
  2079    2.81169e+09
  2080    2.87288e+09
  2081    2.93543e+09
  2082    2.99937e+09
  2083    3.06473e+09
  2084    3.13155e+09
  2085    3.19985e+09
  2086    3.26967e+09
  2087    3.34105e+09
  2088    3.41401e+09
  2089    3.48861e+09
  2090    3.56486e+09
  2091    3.64282e+09
  2092    3.72252e+09
  2093    3.80400e+09
  2094    3.88729e+09
  2095    3.97245e+09
  2096    4.05952e+09
  2097    4.14853e+09
  2098    4.23953e+09
  2099    4.33257e+09
  2100    4.42769e+09
  2101    4.52494e+09
  2102    4.62438e+09
  2103    4.72604e+09
  2104    4.82998e+09
  2105    4.93626e+09
  2106    5.04492e+09
  2107    5.15602e+09
  2108    5.26962e+09
  2109    5.38578e+09
  2110    5.50454e+09
  2111    5.62598e+09
  2112    5.75015e+09
  2113    5.87712e+09
  2114    6.00694e+09
  2115    6.13970e+09
  2116    6.27544e+09
  2117    6.41425e+09
  2118    6.55619e+09
  2119    6.70133e+09
  2120    6.84975e+09
  2121    7.00153e+09
  2122    7.15674e+09
  2123    7.31545e+09
  2124    7.47776e+09
  2125    7.64374e+09
  2126    7.81347e+09
  2127    7.98705e+09
  2128    8.16457e+09
  2129    8.34611e+09
  2130    8.53176e+09
  2131    8.72163e+09
  2132    8.91581e+09
  2133    9.11440e+09
  2134    9.31750e+09
  2135    9.52521e+09
  2136    9.73765e+09
  2137    9.95491e+09
  2138    1.01771e+10
  2139    1.04044e+10
  2140    1.06368e+10
  2141    1.08746e+10
  2142    1.11177e+10
  2143    1.13665e+10
  2144    1.16208e+10
  2145    1.18810e+10
  2146    1.21471e+10
  2147    1.24193e+10
  2148    1.26978e+10
  2149    1.29826e+10
  2150    1.32739e+10
  2151    1.35718e+10
  2152    1.38766e+10
  2153    1.41884e+10
  2154    1.45073e+10
  2155    1.48335e+10
  2156    1.51672e+10
  2157    1.55085e+10
  2158    1.58577e+10
  2159    1.62149e+10
  2160    1.65803e+10
  2161    1.69541e+10
  2162    1.73365e+10
  2163    1.77276e+10
  2164    1.81278e+10
  2165    1.85372e+10
  2166    1.89560e+10
  2167    1.93844e+10
  2168    1.98227e+10
  2169    2.02712e+10
  2170    2.07299e+10
  2171    2.11993e+10
  2172    2.16794e+10
  2173    2.21707e+10
  2174    2.26733e+10
  2175    2.31875e+10
  2176    2.37137e+10
  2177    2.42519e+10
  2178    2.48027e+10
  2179    2.53661e+10
  2180    2.59427e+10
  2181    2.65325e+10
  2182    2.71361e+10
  2183    2.77536e+10
  2184    2.83855e+10
  2185    2.90320e+10
  2186    2.96935e+10
  2187    3.03704e+10
  2188    3.10630e+10
  2189    3.17717e+10
  2190    3.24969e+10
  2191    3.32390e+10
  2192    3.39983e+10
  2193    3.47753e+10
  2194    3.55704e+10
  2195    3.63840e+10
  2196    3.72165e+10
  2197    3.80685e+10
  2198    3.89404e+10
  2199    3.98326e+10
  2200    4.07456e+10
  2201    4.16800e+10
  2202    4.26362e+10
  2203    4.36147e+10
  2204    4.46161e+10
  2205    4.56410e+10
  2206    4.66898e+10
  2207    4.77632e+10
  2208    4.88617e+10
  2209    4.99859e+10
  2210    5.11366e+10
  2211    5.23141e+10
  2212    5.35194e+10
  2213    5.47529e+10
  2214    5.60153e+10
  2215    5.73074e+10
  2216    5.86299e+10
  2217    5.99835e+10
  2218    6.13689e+10
  2219    6.27869e+10
  2220    6.42382e+10
  2221    6.57237e+10
  2222    6.72443e+10
  2223    6.88006e+10
  2224    7.03937e+10
  2225    7.20243e+10
  2226    7.36934e+10
  2227    7.54018e+10
  2228    7.71506e+10
  2229    7.89408e+10
  2230    8.07732e+10
  2231    8.26489e+10
  2232    8.45690e+10
  2233    8.65346e+10
  2234    8.85466e+10
  2235    9.06063e+10
  2236    9.27148e+10
  2237    9.48733e+10
  2238    9.70829e+10
  2239    9.93450e+10
  2240    1.01661e+11
  2241    1.04031e+11
  2242    1.06458e+11
  2243    1.08943e+11
  2244    1.11487e+11
  2245    1.14091e+11
  2246    1.16757e+11
  2247    1.19486e+11
  2248    1.22281e+11
  2249    1.25142e+11
  2250    1.28071e+11
  2251    1.31070e+11
  2252    1.34140e+11
  2253    1.37284e+11
  2254    1.40503e+11
  2255    1.43798e+11
  2256    1.47173e+11
  2257    1.50628e+11
  2258    1.54165e+11
  2259    1.57787e+11
  2260    1.61496e+11
  2261    1.65293e+11
  2262    1.69181e+11
  2263    1.73163e+11
  2264    1.77239e+11
  2265    1.81414e+11
  2266    1.85688e+11
  2267    1.90065e+11
  2268    1.94548e+11
  2269    1.99137e+11
  2270    2.03837e+11
  2271    2.08650e+11
  2272    2.13578e+11
  2273    2.18625e+11
  2274    2.23794e+11
  2275    2.29086e+11
  2276    2.34506e+11
  2277    2.40057e+11
  2278    2.45741e+11
  2279    2.51563e+11
  2280    2.57524e+11
  2281    2.63630e+11
  2282    2.69883e+11
  2283    2.76286e+11
  2284    2.82845e+11
  2285    2.89561e+11
  2286    2.96440e+11
  2287    3.03486e+11
  2288    3.10702e+11
  2289    3.18092e+11
  2290    3.25661e+11
  2291    3.33414e+11
  2292    3.41354e+11
  2293    3.49487e+11
  2294    3.57817e+11
  2295    3.66349e+11
  2296    3.75088e+11
  2297    3.84039e+11
  2298    3.93207e+11
  2299    4.02598e+11
  2300    4.12218e+11
  2301    4.22071e+11
  2302    4.32164e+11
  2303    4.42502e+11
  2304    4.53092e+11
  2305    4.63940e+11
  2306    4.75052e+11
  2307    4.86435e+11
  2308    4.98095e+11
  2309    5.10040e+11
  2310    5.22276e+11
  2311    5.34811e+11
  2312    5.47652e+11
  2313    5.60806e+11
  2314    5.74282e+11
  2315    5.88087e+11
  2316    6.02230e+11
  2317    6.16719e+11
  2318    6.31563e+11
  2319    6.46770e+11
  2320    6.62349e+11
  2321    6.78310e+11
  2322    6.94663e+11
  2323    7.11416e+11
  2324    7.28580e+11
  2325    7.46166e+11
  2326    7.64183e+11
  2327    7.82643e+11
  2328    8.01556e+11
  2329    8.20934e+11
  2330    8.40789e+11
  2331    8.61132e+11
  2332    8.81976e+11
  2333    9.03332e+11
  2334    9.25215e+11
  2335    9.47637e+11
  2336    9.70611e+11
  2337    9.94152e+11
  2338    1.01827e+12
  2339    1.04299e+12
  2340    1.06832e+12
  2341    1.09427e+12
  2342    1.12086e+12
  2343    1.14811e+12
  2344    1.17604e+12
  2345    1.20465e+12
  2346    1.23398e+12
  2347    1.26403e+12
  2348    1.29482e+12
  2349    1.32637e+12
  2350    1.35871e+12
  2351    1.39185e+12
  2352    1.42581e+12
  2353    1.46062e+12
  2354    1.49628e+12
  2355    1.53284e+12
  2356    1.57030e+12
  2357    1.60869e+12
  2358    1.64804e+12
  2359    1.68836e+12
  2360    1.72969e+12
  2361    1.77205e+12
  2362    1.81546e+12
  2363    1.85995e+12
  2364    1.90555e+12
  2365    1.95229e+12
  2366    2.00019e+12
  2367    2.04929e+12
  2368    2.09961e+12
  2369    2.15119e+12
  2370    2.20406e+12
  2371    2.25824e+12
  2372    2.31379e+12
  2373    2.37072e+12
  2374    2.42907e+12
  2375    2.48889e+12
  2376    2.55020e+12
  2377    2.61305e+12
  2378    2.67747e+12
  2379    2.74350e+12
  2380    2.81120e+12
  2381    2.88059e+12
  2382    2.95172e+12
  2383    3.02463e+12
  2384    3.09938e+12
  2385    3.17600e+12
  2386    3.25455e+12
  2387    3.33507e+12
  2388    3.41762e+12
  2389    3.50225e+12
  2390    3.58900e+12
  2391    3.67794e+12
  2392    3.76912e+12
  2393    3.86260e+12
  2394    3.95843e+12
  2395    4.05668e+12
  2396    4.15740e+12
  2397    4.26067e+12
  2398    4.36655e+12
  2399    4.47509e+12
  2400    4.58639e+12
  2401    4.70049e+12
  2402    4.81748e+12
  2403    4.93742e+12
  2404    5.06041e+12
  2405    5.18650e+12
  2406    5.31579e+12
  2407    5.44835e+12
  2408    5.58427e+12
  2409    5.72364e+12
  2410    5.86654e+12
  2411    6.01306e+12
  2412    6.16331e+12
  2413    6.31736e+12
  2414    6.47534e+12
  2415    6.63732e+12
  2416    6.80342e+12
  2417    6.97375e+12
  2418    7.14840e+12
  2419    7.32751e+12
  2420    7.51117e+12
  2421    7.69950e+12
  2422    7.89264e+12
  2423    8.09070e+12
  2424    8.29380e+12
  2425    8.50209e+12
  2426    8.71569e+12
  2427    8.93474e+12
  2428    9.15939e+12
  2429    9.38977e+12
  2430    9.62604e+12
  2431    9.86835e+12
  2432    1.01169e+13
  2433    1.03717e+13
  2434    1.06331e+13
  2435    1.09012e+13
  2436    1.11761e+13
  2437    1.14581e+13
  2438    1.17473e+13
  2439    1.20439e+13
  2440    1.23482e+13
  2441    1.26602e+13
  2442    1.29803e+13
  2443    1.33085e+13
  2444    1.36452e+13
  2445    1.39906e+13
  2446    1.43448e+13
  2447    1.47081e+13
  2448    1.50808e+13
  2449    1.54631e+13
  2450    1.58552e+13
  2451    1.62574e+13
  2452    1.66700e+13
  2453    1.70932e+13
  2454    1.75274e+13
  2455    1.79727e+13
  2456    1.84295e+13
  2457    1.88981e+13
  2458    1.93788e+13
  2459    1.98719e+13
  2460    2.03778e+13
  2461    2.08967e+13
  2462    2.14291e+13
  2463    2.19752e+13
  2464    2.25355e+13
  2465    2.31103e+13
  2466    2.36999e+13
  2467    2.43049e+13
  2468    2.49255e+13
  2469    2.55622e+13
  2470    2.62154e+13
  2471    2.68856e+13
  2472    2.75732e+13
  2473    2.82786e+13
  2474    2.90024e+13
  2475    2.97449e+13
  2476    3.05068e+13
  2477    3.12885e+13
  2478    3.20905e+13
  2479    3.29133e+13
  2480    3.37577e+13
  2481    3.46239e+13
  2482    3.55128e+13
  2483    3.64248e+13
  2484    3.73607e+13
  2485    3.83209e+13
  2486    3.93062e+13
  2487    4.03172e+13
  2488    4.13546e+13
  2489    4.24190e+13
  2490    4.35114e+13
  2491    4.46322e+13
  2492    4.57824e+13
  2493    4.69627e+13
  2494    4.81738e+13
  2495    4.94167e+13
  2496    5.06921e+13
  2497    5.20009e+13
  2498    5.33441e+13
  2499    5.47224e+13
  2500    5.61369e+13
  2501    5.75885e+13
  2502    5.90782e+13
  2503    6.06071e+13
  2504    6.21761e+13
  2505    6.37863e+13
  2506    6.54388e+13
  2507    6.71348e+13
  2508    6.88754e+13
  2509    7.06618e+13
  2510    7.24953e+13
  2511    7.43770e+13
  2512    7.63083e+13
  2513    7.82905e+13
  2514    8.03250e+13
  2515    8.24131e+13
  2516    8.45563e+13
  2517    8.67561e+13
  2518    8.90140e+13
  2519    9.13315e+13
  2520    9.37102e+13
  2521    9.61518e+13
  2522    9.86580e+13
  2523    1.01230e+14
  2524    1.03871e+14
  2525    1.06581e+14
  2526    1.09364e+14
  2527    1.12219e+14
  2528    1.15151e+14
  2529    1.18160e+14
  2530    1.21249e+14
  2531    1.24420e+14
  2532    1.27676e+14
  2533    1.31017e+14
  2534    1.34448e+14
  2535    1.37969e+14
  2536    1.41584e+14
  2537    1.45295e+14
  2538    1.49105e+14
  2539    1.53017e+14
  2540    1.57032e+14
  2541    1.61154e+14
  2542    1.65386e+14
  2543    1.69731e+14
  2544    1.74192e+14
  2545    1.78772e+14
  2546    1.83473e+14
  2547    1.88301e+14
  2548    1.93257e+14
  2549    1.98345e+14
  2550    2.03570e+14
  2551    2.08934e+14
  2552    2.14441e+14
  2553    2.20096e+14
  2554    2.25902e+14
  2555    2.31863e+14
  2556    2.37984e+14
  2557    2.44269e+14
  2558    2.50722e+14
  2559    2.57348e+14
  2560    2.64152e+14
  2561    2.71138e+14
  2562    2.78312e+14
  2563    2.85678e+14
  2564    2.93242e+14
  2565    3.01009e+14
  2566    3.08985e+14
  2567    3.17176e+14
  2568    3.25586e+14
  2569    3.34223e+14
  2570    3.43092e+14
  2571    3.52200e+14
  2572    3.61553e+14
  2573    3.71158e+14
  2574    3.81022e+14
  2575    3.91151e+14
  2576    4.01554e+14
  2577    4.12238e+14
  2578    4.23210e+14
  2579    4.34478e+14
  2580    4.46050e+14
  2581    4.57935e+14
  2582    4.70141e+14
  2583    4.82677e+14
  2584    4.95552e+14
  2585    5.08776e+14
  2586    5.22357e+14
  2587    5.36306e+14
  2588    5.50633e+14
  2589    5.65347e+14
  2590    5.80461e+14
  2591    5.95985e+14
  2592    6.11929e+14
  2593    6.28306e+14
  2594    6.45128e+14
  2595    6.62406e+14
  2596    6.80153e+14
  2597    6.98383e+14
  2598    7.17108e+14
  2599    7.36342e+14
  2600    7.56100e+14
  2601    7.76395e+14
  2602    7.97242e+14
  2603    8.18657e+14
  2604    8.40656e+14
  2605    8.63254e+14
  2606    8.86467e+14
  2607    9.10314e+14
  2608    9.34811e+14
  2609    9.59977e+14
  2610    9.85830e+14
  2611    1.01239e+15
  2612    1.03967e+15
  2613    1.06770e+15
  2614    1.09650e+15
  2615    1.12608e+15
  2616    1.15647e+15
  2617    1.18770e+15
  2618    1.21978e+15
  2619    1.25273e+15
  2620    1.28659e+15
  2621    1.32138e+15
  2622    1.35712e+15
  2623    1.39384e+15
  2624    1.43157e+15
  2625    1.47034e+15
  2626    1.51017e+15
  2627    1.55109e+15
  2628    1.59314e+15
  2629    1.63634e+15
  2630    1.68073e+15
  2631    1.72634e+15
  2632    1.77320e+15
  2633    1.82136e+15
  2634    1.87084e+15
  2635    1.92168e+15
  2636    1.97393e+15
  2637    2.02761e+15
  2638    2.08277e+15
  2639    2.13946e+15
  2640    2.19771e+15
  2641    2.25757e+15
  2642    2.31908e+15
  2643    2.38228e+15
  2644    2.44724e+15
  2645    2.51399e+15
  2646    2.58258e+15
  2647    2.65307e+15
  2648    2.72552e+15
  2649    2.79996e+15
  2650    2.87647e+15
  2651    2.95510e+15
  2652    3.03591e+15
  2653    3.11895e+15
  2654    3.20430e+15
  2655    3.29201e+15
  2656    3.38216e+15
  2657    3.47481e+15
  2658    3.57003e+15
  2659    3.66790e+15
  2660    3.76849e+15
  2661    3.87187e+15
  2662    3.97813e+15
  2663    4.08734e+15
  2664    4.19959e+15
  2665    4.31496e+15
  2666    4.43355e+15
  2667    4.55544e+15
  2668    4.68073e+15
  2669    4.80950e+15
  2670    4.94187e+15
  2671    5.07793e+15
  2672    5.21779e+15
  2673    5.36155e+15
  2674    5.50932e+15
  2675    5.66122e+15
  2676    5.81736e+15
  2677    5.97787e+15
  2678    6.14287e+15
  2679    6.31248e+15
  2680    6.48683e+15
  2681    6.66607e+15
  2682    6.85033e+15
  2683    7.03974e+15
  2684    7.23446e+15
  2685    7.43464e+15
  2686    7.64043e+15
  2687    7.85200e+15
  2688    8.06950e+15
  2689    8.29310e+15
  2690    8.52298e+15
  2691    8.75932e+15
  2692    9.00230e+15
  2693    9.25211e+15
  2694    9.50894e+15
  2695    9.77299e+15
  2696    1.00445e+16
  2697    1.03236e+16
  2698    1.06106e+16
  2699    1.09056e+16
  2700    1.12090e+16
  2701    1.15210e+16
  2702    1.18417e+16
  2703    1.21714e+16
  2704    1.25105e+16
  2705    1.28592e+16
  2706    1.32176e+16
  2707    1.35863e+16
  2708    1.39653e+16
  2709    1.43550e+16
  2710    1.47558e+16
  2711    1.51678e+16
  2712    1.55916e+16
  2713    1.60273e+16
  2714    1.64754e+16
  2715    1.69362e+16
  2716    1.74100e+16
  2717    1.78972e+16
  2718    1.83983e+16
  2719    1.89135e+16
  2720    1.94434e+16
  2721    1.99884e+16
  2722    2.05487e+16
  2723    2.11251e+16
  2724    2.17177e+16
  2725    2.23273e+16
  2726    2.29541e+16
  2727    2.35988e+16
  2728    2.42618e+16
  2729    2.49437e+16
  2730    2.56450e+16
  2731    2.63662e+16
  2732    2.71080e+16
  2733    2.78710e+16
  2734    2.86557e+16
  2735    2.94627e+16
  2736    3.02928e+16
  2737    3.11466e+16
  2738    3.20248e+16
  2739    3.29280e+16
  2740    3.38570e+16
  2741    3.48126e+16
  2742    3.57955e+16
  2743    3.68065e+16
  2744    3.78464e+16
  2745    3.89161e+16
  2746    4.00164e+16
  2747    4.11481e+16
  2748    4.23124e+16
  2749    4.35099e+16
  2750    4.47418e+16
  2751    4.60090e+16
  2752    4.73126e+16
  2753    4.86535e+16
  2754    5.00330e+16
  2755    5.14520e+16
  2756    5.29119e+16
  2757    5.44136e+16
  2758    5.59585e+16
  2759    5.75479e+16
  2760    5.91829e+16
  2761    6.08650e+16
  2762    6.25955e+16
  2763    6.43758e+16
  2764    6.62074e+16
  2765    6.80917e+16
  2766    7.00304e+16
  2767    7.20249e+16
  2768    7.40770e+16
  2769    7.61882e+16
  2770    7.83604e+16
  2771    8.05953e+16
  2772    8.28948e+16
  2773    8.52606e+16
  2774    8.76949e+16
  2775    9.01995e+16
  2776    9.27765e+16
  2777    9.54281e+16
  2778    9.81564e+16
  2779    1.00964e+17
  2780    1.03852e+17
  2781    1.06824e+17
  2782    1.09883e+17
  2783    1.13030e+17
  2784    1.16268e+17
  2785    1.19600e+17
  2786    1.23029e+17
  2787    1.26557e+17
  2788    1.30188e+17
  2789    1.33925e+17
  2790    1.37769e+17
  2791    1.41726e+17
  2792    1.45798e+17
  2793    1.49988e+17
  2794    1.54300e+17
  2795    1.58737e+17
  2796    1.63304e+17
  2797    1.68003e+17
  2798    1.72840e+17
  2799    1.77817e+17
  2800    1.82940e+17
  2801    1.88212e+17
  2802    1.93637e+17
  2803    1.99221e+17
  2804    2.04969e+17
  2805    2.10883e+17
  2806    2.16971e+17
  2807    2.23237e+17
  2808    2.29685e+17
  2809    2.36323e+17
  2810    2.43154e+17
  2811    2.50185e+17
  2812    2.57423e+17
  2813    2.64872e+17
  2814    2.72539e+17
  2815    2.80431e+17
  2816    2.88554e+17
  2817    2.96915e+17
  2818    3.05522e+17
  2819    3.14381e+17
  2820    3.23500e+17
  2821    3.32886e+17
  2822    3.42549e+17
  2823    3.52495e+17
  2824    3.62734e+17
  2825    3.73273e+17
  2826    3.84123e+17
  2827    3.95291e+17
  2828    4.06789e+17
  2829    4.18624e+17
  2830    4.30809e+17
  2831    4.43352e+17
  2832    4.56264e+17
  2833    4.69558e+17
  2834    4.83243e+17
  2835    4.97332e+17
  2836    5.11837e+17
  2837    5.26770e+17
  2838    5.42143e+17
  2839    5.57971e+17
  2840    5.74267e+17
  2841    5.91043e+17
  2842    6.08316e+17
  2843    6.26100e+17
  2844    6.44410e+17
  2845    6.63262e+17
  2846    6.82672e+17
  2847    7.02656e+17
  2848    7.23233e+17
  2849    7.44419e+17
  2850    7.66234e+17
  2851    7.88695e+17
  2852    8.11823e+17
  2853    8.35636e+17
  2854    8.60157e+17
  2855    8.85406e+17
  2856    9.11404e+17
  2857    9.38175e+17
  2858    9.65742e+17
  2859    9.94128e+17
  2860    1.02336e+18
  2861    1.05346e+18
  2862    1.08445e+18
  2863    1.11637e+18
  2864    1.14924e+18
  2865    1.18309e+18
  2866    1.21795e+18
  2867    1.25384e+18
  2868    1.29081e+18
  2869    1.32888e+18
  2870    1.36809e+18
  2871    1.40846e+18
  2872    1.45004e+18
  2873    1.49287e+18
  2874    1.53697e+18
  2875    1.58239e+18
  2876    1.62917e+18
  2877    1.67735e+18
  2878    1.72696e+18
  2879    1.77807e+18
  2880    1.83070e+18
  2881    1.88491e+18
  2882    1.94075e+18
  2883    1.99825e+18
  2884    2.05749e+18
  2885    2.11849e+18
  2886    2.18133e+18
  2887    2.24605e+18
  2888    2.31272e+18
  2889    2.38139e+18
  2890    2.45212e+18
  2891    2.52497e+18
  2892    2.60002e+18
  2893    2.67732e+18
  2894    2.75694e+18
  2895    2.83896e+18
  2896    2.92345e+18
  2897    3.01049e+18
  2898    3.10014e+18
  2899    3.19249e+18
  2900    3.28763e+18
  2901    3.38564e+18
  2902    3.48660e+18
  2903    3.59061e+18
  2904    3.69775e+18
  2905    3.80813e+18
  2906    3.92184e+18
  2907    4.03899e+18
  2908    4.15967e+18
  2909    4.28400e+18
  2910    4.41209e+18
  2911    4.54406e+18
  2912    4.68002e+18
  2913    4.82009e+18
  2914    4.96440e+18
  2915    5.11308e+18
  2916    5.26627e+18
  2917    5.42409e+18
  2918    5.58670e+18
  2919    5.75425e+18
  2920    5.92687e+18
  2921    6.10473e+18
  2922    6.28799e+18
  2923    6.47681e+18
  2924    6.67137e+18
  2925    6.87184e+18
  2926    7.07840e+18
  2927    7.29124e+18
  2928    7.51055e+18
  2929    7.73653e+18
  2930    7.96939e+18
  2931    8.20934e+18
  2932    8.45659e+18
  2933    8.71138e+18
  2934    8.97393e+18
  2935    9.24448e+18
  2936    9.52328e+18
  2937    9.81058e+18
  2938    1.01066e+19
  2939    1.04117e+19
  2940    1.07262e+19
  2941    1.10502e+19
  2942    1.13841e+19
  2943    1.17282e+19
  2944    1.20829e+19
  2945    1.24483e+19
  2946    1.28250e+19
  2947    1.32132e+19
  2948    1.36132e+19
  2949    1.40256e+19
  2950    1.44505e+19
  2951    1.48885e+19
  2952    1.53398e+19
  2953    1.58051e+19
  2954    1.62845e+19
  2955    1.67787e+19
  2956    1.72881e+19
  2957    1.78131e+19
  2958    1.83542e+19
  2959    1.89119e+19
  2960    1.94868e+19
  2961    2.00794e+19
  2962    2.06901e+19
  2963    2.13197e+19
  2964    2.19686e+19
  2965    2.26374e+19
  2966    2.33269e+19
  2967    2.40376e+19
  2968    2.47702e+19
  2969    2.55254e+19
  2970    2.63038e+19
  2971    2.71062e+19
  2972    2.79334e+19
  2973    2.87861e+19
  2974    2.96652e+19
  2975    3.05713e+19
  2976    3.15055e+19
  2977    3.24685e+19
  2978    3.34613e+19
  2979    3.44847e+19
  2980    3.55398e+19
  2981    3.66276e+19
  2982    3.77490e+19
  2983    3.89051e+19
  2984    4.00970e+19
  2985    4.13258e+19
  2986    4.25927e+19
  2987    4.38989e+19
  2988    4.52455e+19
  2989    4.66339e+19
  2990    4.80654e+19
  2991    4.95413e+19
  2992    5.10630e+19
  2993    5.26319e+19
  2994    5.42496e+19
  2995    5.59176e+19
  2996    5.76373e+19
  2997    5.94106e+19
  2998    6.12390e+19
  2999    6.31243e+19
  3000    6.50682e+19
