     2    3.09596e-05
     3    2.73832e-05
     4    2.63811e-05
     5    2.68622e-05
     6    2.84057e-05
     7    3.08102e-05
     8    3.39660e-05
     9    3.78077e-05
    10    4.22940e-05
    11    4.73971e-05
    12    5.30983e-05
    13    5.93842e-05
    14    6.62454e-05
    15    7.36751e-05
    16    8.16684e-05
    17    9.02220e-05
    18    9.93337e-05
    19    1.09002e-04
    20    1.19226e-04
    21    1.30006e-04
    22    1.41343e-04
    23    1.53237e-04
    24    1.65688e-04
    25    1.78700e-04
    26    1.92272e-04
    27    2.06408e-04
    28    2.21110e-04
    29    2.36379e-04
    30    2.52219e-04
    31    2.68632e-04
    32    2.85621e-04
    33    3.03189e-04
    34    3.21340e-04
    35    3.40077e-04
    36    3.59402e-04
    37    3.79321e-04
    38    3.99836e-04
    39    4.20952e-04
    40    4.42673e-04
    41    4.65003e-04
    42    4.87946e-04
    43    5.11506e-04
    44    5.35689e-04
    45    5.60498e-04
    46    5.85939e-04
    47    6.12017e-04
    48    6.38736e-04
    49    6.66101e-04
    50    6.94119e-04
    51    7.22793e-04
    52    7.52131e-04
    53    7.82137e-04
    54    8.12816e-04
    55    8.44176e-04
    56    8.76221e-04
    57    9.08959e-04
    58    9.42394e-04
    59    9.76533e-04
    60    1.01138e-03
    61    1.04695e-03
    62    1.08324e-03
    63    1.12026e-03
    64    1.15802e-03
    65    1.19652e-03
    66    1.23577e-03
    67    1.27579e-03
    68    1.31656e-03
    69    1.35811e-03
    70    1.40044e-03
    71    1.44356e-03
    72    1.48748e-03
    73    1.53219e-03
    74    1.57772e-03
    75    1.62407e-03
    76    1.67125e-03
    77    1.71926e-03
    78    1.76812e-03
    79    1.81783e-03
    80    1.86840e-03
    81    1.91984e-03
    82    1.97216e-03
    83    2.02537e-03
    84    2.07948e-03
    85    2.13449e-03
    86    2.19042e-03
    87    2.24728e-03
    88    2.30507e-03
    89    2.36380e-03
    90    2.42349e-03
    91    2.48414e-03
    92    2.54577e-03
    93    2.60838e-03
    94    2.67198e-03
    95    2.73660e-03
    96    2.80222e-03
    97    2.86888e-03
    98    2.93657e-03
    99    3.00531e-03
   100    3.07511e-03
   101    3.14598e-03
   102    3.21793e-03
   103    3.29097e-03
   104    3.36512e-03
   105    3.44039e-03
   106    3.51678e-03
   107    3.59432e-03
   108    3.67301e-03
   109    3.75286e-03
   110    3.83389e-03
   111    3.91611e-03
   112    3.99953e-03
   113    4.08417e-03
   114    4.17003e-03
   115    4.25714e-03
   116    4.34550e-03
   117    4.43513e-03
   118    4.52605e-03
   119    4.61825e-03
   120    4.71177e-03
   121    4.80661e-03
   122    4.90279e-03
   123    5.00031e-03
   124    5.09921e-03
   125    5.19948e-03
   126    5.30115e-03
   127    5.40423e-03
   128    5.50874e-03
   129    5.61469e-03
   130    5.72209e-03
   131    5.83097e-03
   132    5.94133e-03
   133    6.05319e-03
   134    6.16658e-03
   135    6.28150e-03
   136    6.39797e-03
   137    6.51602e-03
   138    6.63564e-03
   139    6.75687e-03
   140    6.87972e-03
   141    7.00421e-03
   142    7.13035e-03
   143    7.25816e-03
   144    7.38767e-03
   145    7.51888e-03
   146    7.65181e-03
   147    7.78650e-03
   148    7.92294e-03
   149    8.06117e-03
   150    8.20120e-03
   151    8.34305e-03
   152    8.48674e-03
   153    8.63228e-03
   154    8.77971e-03
   155    8.92904e-03
   156    9.08029e-03
   157    9.23347e-03
   158    9.38862e-03
   159    9.54575e-03
   160    9.70488e-03
   161    9.86604e-03
   162    1.00292e-02
   163    1.01945e-02
   164    1.03619e-02
   165    1.05313e-02
   166    1.07029e-02
   167    1.08767e-02
   168    1.10526e-02
   169    1.12308e-02
   170    1.14112e-02
   171    1.15938e-02
   172    1.17787e-02
   173    1.19659e-02
   174    1.21554e-02
   175    1.23472e-02
   176    1.25415e-02
   177    1.27381e-02
   178    1.29372e-02
   179    1.31387e-02
   180    1.33426e-02
   181    1.35491e-02
   182    1.37581e-02
   183    1.39697e-02
   184    1.41838e-02
   185    1.44006e-02
   186    1.46200e-02
   187    1.48420e-02
   188    1.50668e-02
   189    1.52942e-02
   190    1.55244e-02
   191    1.57574e-02
   192    1.59932e-02
   193    1.62319e-02
   194    1.64734e-02
   195    1.67178e-02
   196    1.69651e-02
   197    1.72154e-02
   198    1.74687e-02
   199    1.77251e-02
   200    1.79844e-02
   201    1.82469e-02
   202    1.85125e-02
   203    1.87812e-02
   204    1.90531e-02
   205    1.93283e-02
   206    1.96067e-02
   207    1.98884e-02
   208    2.01734e-02
   209    2.04618e-02
   210    2.07535e-02
   211    2.10487e-02
   212    2.13474e-02
   213    2.16496e-02
   214    2.19553e-02
   215    2.22646e-02
   216    2.25775e-02
   217    2.28941e-02
   218    2.32143e-02
   219    2.35383e-02
   220    2.38661e-02
   221    2.41977e-02
   222    2.45331e-02
   223    2.48725e-02
   224    2.52158e-02
   225    2.55630e-02
   226    2.59143e-02
   227    2.62696e-02
   228    2.66290e-02
   229    2.69926e-02
   230    2.73604e-02
   231    2.77324e-02
   232    2.81087e-02
   233    2.84894e-02
   234    2.88744e-02
   235    2.92638e-02
   236    2.96577e-02
   237    3.00561e-02
   238    3.04591e-02
   239    3.08667e-02
   240    3.12789e-02
   241    3.16959e-02
   242    3.21176e-02
   243    3.25441e-02
   244    3.29755e-02
   245    3.34118e-02
   246    3.38531e-02
   247    3.42994e-02
   248    3.47507e-02
   249    3.52072e-02
   250    3.56689e-02
   251    3.61358e-02
   252    3.66080e-02
   253    3.70855e-02
   254    3.75685e-02
   255    3.80569e-02
   256    3.85508e-02
   257    3.90503e-02
   258    3.95555e-02
   259    4.00663e-02
   260    4.05830e-02
   261    4.11054e-02
   262    4.16337e-02
   263    4.21680e-02
   264    4.27082e-02
   265    4.32546e-02
   266    4.38071e-02
   267    4.43658e-02
   268    4.49307e-02
   269    4.55020e-02
   270    4.60797e-02
   271    4.66639e-02
   272    4.72546e-02
   273    4.78519e-02
   274    4.84559e-02
   275    4.90667e-02
   276    4.96843e-02
   277    5.03088e-02
   278    5.09402e-02
   279    5.15788e-02
   280    5.22244e-02
   281    5.28772e-02
   282    5.35373e-02
   283    5.42048e-02
   284    5.48797e-02
   285    5.55621e-02
   286    5.62521e-02
   287    5.69498e-02
   288    5.76552e-02
   289    5.83685e-02
   290    5.90897e-02
   291    5.98189e-02
   292    6.05562e-02
   293    6.13017e-02
   294    6.20554e-02
   295    6.28175e-02
   296    6.35881e-02
   297    6.43672e-02
   298    6.51549e-02
   299    6.59513e-02
   300    6.67566e-02
   301    6.75708e-02
   302    6.83939e-02
   303    6.92262e-02
   304    7.00677e-02
   305    7.09184e-02
   306    7.17786e-02
   307    7.26483e-02
   308    7.35276e-02
   309    7.44165e-02
   310    7.53153e-02
   311    7.62240e-02
   312    7.71428e-02
   313    7.80716e-02
   314    7.90107e-02
   315    7.99601e-02
   316    8.09200e-02
   317    8.18905e-02
   318    8.28717e-02
   319    8.38636e-02
   320    8.48665e-02
   321    8.58804e-02
   322    8.69055e-02
   323    8.79418e-02
   324    8.89895e-02
   325    9.00488e-02
   326    9.11197e-02
   327    9.22023e-02
   328    9.32969e-02
   329    9.44035e-02
   330    9.55222e-02
   331    9.66532e-02
   332    9.77966e-02
   333    9.89526e-02
   334    1.00121e-01
   335    1.01303e-01
   336    1.02497e-01
   337    1.03705e-01
   338    1.04926e-01
   339    1.06160e-01
   340    1.07407e-01
   341    1.08669e-01
   342    1.09944e-01
   343    1.11233e-01
   344    1.12536e-01
   345    1.13854e-01
   346    1.15186e-01
   347    1.16533e-01
   348    1.17894e-01
   349    1.19270e-01
   350    1.20661e-01
   351    1.22068e-01
   352    1.23490e-01
   353    1.24927e-01
   354    1.26381e-01
   355    1.27850e-01
   356    1.29335e-01
   357    1.30836e-01
   358    1.32354e-01
   359    1.33889e-01
   360    1.35440e-01
   361    1.37008e-01
   362    1.38593e-01
   363    1.40196e-01
   364    1.41816e-01
   365    1.43454e-01
   366    1.45110e-01
   367    1.46784e-01
   368    1.48476e-01
   369    1.50186e-01
   370    1.51916e-01
   371    1.53664e-01
   372    1.55431e-01
   373    1.57218e-01
   374    1.59024e-01
   375    1.60850e-01
   376    1.62696e-01
   377    1.64561e-01
   378    1.66448e-01
   379    1.68355e-01
   380    1.70282e-01
   381    1.72231e-01
   382    1.74201e-01
   383    1.76193e-01
   384    1.78206e-01
   385    1.80241e-01
   386    1.82299e-01
   387    1.84379e-01
   388    1.86481e-01
   389    1.88607e-01
   390    1.90756e-01
   391    1.92928e-01
   392    1.95124e-01
   393    1.97344e-01
   394    1.99588e-01
   395    2.01856e-01
   396    2.04150e-01
   397    2.06468e-01
   398    2.08812e-01
   399    2.11181e-01
   400    2.13576e-01
   401    2.15997e-01
   402    2.18445e-01
   403    2.20919e-01
   404    2.23421e-01
   405    2.25949e-01
   406    2.28505e-01
   407    2.31089e-01
   408    2.33702e-01
   409    2.36343e-01
   410    2.39012e-01
   411    2.41711e-01
   412    2.44439e-01
   413    2.47197e-01
   414    2.49985e-01
   415    2.52803e-01
   416    2.55653e-01
   417    2.58533e-01
   418    2.61445e-01
   419    2.64388e-01
   420    2.67364e-01
   421    2.70372e-01
   422    2.73413e-01
   423    2.76487e-01
   424    2.79595e-01
   425    2.82736e-01
   426    2.85912e-01
   427    2.89123e-01
   428    2.92368e-01
   429    2.95649e-01
   430    2.98966e-01
   431    3.02319e-01
   432    3.05709e-01
   433    3.09136e-01
   434    3.12600e-01
   435    3.16102e-01
   436    3.19642e-01
   437    3.23221e-01
   438    3.26838e-01
   439    3.30496e-01
   440    3.34193e-01
   441    3.37931e-01
   442    3.41709e-01
   443    3.45529e-01
   444    3.49391e-01
   445    3.53295e-01
   446    3.57241e-01
   447    3.61231e-01
   448    3.65264e-01
   449    3.69341e-01
   450    3.73463e-01
   451    3.77630e-01
   452    3.81842e-01
   453    3.86101e-01
   454    3.90406e-01
   455    3.94758e-01
   456    3.99157e-01
   457    4.03605e-01
   458    4.08102e-01
   459    4.12647e-01
   460    4.17243e-01
   461    4.21888e-01
   462    4.26585e-01
   463    4.31332e-01
   464    4.36132e-01
   465    4.40985e-01
   466    4.45890e-01
   467    4.50849e-01
   468    4.55863e-01
   469    4.60931e-01
   470    4.66055e-01
   471    4.71235e-01
   472    4.76471e-01
   473    4.81765e-01
   474    4.87117e-01
   475    4.92528e-01
   476    4.97998e-01
   477    5.03528e-01
   478    5.09119e-01
   479    5.14770e-01
   480    5.20484e-01
   481    5.26261e-01
   482    5.32100e-01
   483    5.38004e-01
   484    5.43973e-01
   485    5.50007e-01
   486    5.56107e-01
   487    5.62274e-01
   488    5.68509e-01
   489    5.74812e-01
   490    5.81185e-01
   491    5.87627e-01
   492    5.94140e-01
   493    6.00725e-01
   494    6.07382e-01
   495    6.14112e-01
   496    6.20916e-01
   497    6.27795e-01
   498    6.34749e-01
   499    6.41780e-01
   500    6.48888e-01
   501    6.56075e-01
   502    6.63340e-01
   503    6.70685e-01
   504    6.78111e-01
   505    6.85619e-01
   506    6.93210e-01
   507    7.00883e-01
   508    7.08642e-01
   509    7.16486e-01
   510    7.24416e-01
   511    7.32433e-01
   512    7.40539e-01
   513    7.48734e-01
   514    7.57019e-01
   515    7.65396e-01
   516    7.73865e-01
   517    7.82427e-01
   518    7.91084e-01
   519    7.99836e-01
   520    8.08685e-01
   521    8.17631e-01
   522    8.26676e-01
   523    8.35821e-01
   524    8.45067e-01
   525    8.54415e-01
   526    8.63866e-01
   527    8.73421e-01
   528    8.83082e-01
   529    8.92850e-01
   530    9.02725e-01
   531    9.12710e-01
   532    9.22805e-01
   533    9.33012e-01
   534    9.43332e-01
   535    9.53765e-01
   536    9.64315e-01
   537    9.74980e-01
   538    9.85764e-01
   539    9.96668e-01
   540    1.00769e+00
   541    1.01884e+00
   542    1.03011e+00
   543    1.04150e+00
   544    1.05302e+00
   545    1.06467e+00
   546    1.07645e+00
   547    1.08836e+00
   548    1.10040e+00
   549    1.11257e+00
   550    1.12488e+00
   551    1.13732e+00
   552    1.14991e+00
   553    1.16263e+00
   554    1.17549e+00
   555    1.18850e+00
   556    1.20165e+00
   557    1.21495e+00
   558    1.22840e+00
   559    1.24199e+00
   560    1.25574e+00
   561    1.26964e+00
   562    1.28369e+00
   563    1.29790e+00
   564    1.31227e+00
   565    1.32680e+00
   566    1.34149e+00
   567    1.35634e+00
   568    1.37136e+00
   569    1.38654e+00
   570    1.40190e+00
   571    1.41743e+00
   572    1.43313e+00
   573    1.44900e+00
   574    1.46505e+00
   575    1.48128e+00
   576    1.49770e+00
   577    1.51429e+00
   578    1.53107e+00
   579    1.54804e+00
   580    1.56520e+00
   581    1.58255e+00
   582    1.60009e+00
   583    1.61783e+00
   584    1.63577e+00
   585    1.65390e+00
   586    1.67225e+00
   587    1.69079e+00
   588    1.70955e+00
   589    1.72851e+00
   590    1.74769e+00
   591    1.76708e+00
   592    1.78669e+00
   593    1.80651e+00
   594    1.82656e+00
   595    1.84684e+00
   596    1.86734e+00
   597    1.88807e+00
   598    1.90904e+00
   599    1.93024e+00
   600    1.95168e+00
   601    1.97336e+00
   602    1.99528e+00
   603    2.01745e+00
   604    2.03987e+00
   605    2.06254e+00
   606    2.08546e+00
   607    2.10865e+00
   608    2.13209e+00
   609    2.15580e+00
   610    2.17978e+00
   611    2.20402e+00
   612    2.22854e+00
   613    2.25333e+00
   614    2.27841e+00
   615    2.30376e+00
   616    2.32940e+00
   617    2.35534e+00
   618    2.38156e+00
   619    2.40808e+00
   620    2.43490e+00
   621    2.46202e+00
   622    2.48945e+00
   623    2.51719e+00
   624    2.54524e+00
   625    2.57361e+00
   626    2.60230e+00
   627    2.63131e+00
   628    2.66065e+00
   629    2.69033e+00
   630    2.72034e+00
   631    2.75069e+00
   632    2.78138e+00
   633    2.81242e+00
   634    2.84382e+00
   635    2.87557e+00
   636    2.90768e+00
   637    2.94015e+00
   638    2.97299e+00
   639    3.00621e+00
   640    3.03980e+00
   641    3.07377e+00
   642    3.10813e+00
   643    3.14288e+00
   644    3.17803e+00
   645    3.21357e+00
   646    3.24952e+00
   647    3.28588e+00
   648    3.32265e+00
   649    3.35984e+00
   650    3.39746e+00
   651    3.43550e+00
   652    3.47397e+00
   653    3.51289e+00
   654    3.55225e+00
   655    3.59205e+00
   656    3.63231e+00
   657    3.67303e+00
   658    3.71422e+00
   659    3.75588e+00
   660    3.79801e+00
   661    3.84062e+00
   662    3.88372e+00
   663    3.92731e+00
   664    3.97140e+00
   665    4.01600e+00
   666    4.06110e+00
   667    4.10672e+00
   668    4.15287e+00
   669    4.19954e+00
   670    4.24675e+00
   671    4.29450e+00
   672    4.34279e+00
   673    4.39164e+00
   674    4.44105e+00
   675    4.49103e+00
   676    4.54158e+00
   677    4.59271e+00
   678    4.64443e+00
   679    4.69675e+00
   680    4.74966e+00
   681    4.80318e+00
   682    4.85732e+00
   683    4.91208e+00
   684    4.96748e+00
   685    5.02350e+00
   686    5.08018e+00
   687    5.13751e+00
   688    5.19549e+00
   689    5.25415e+00
   690    5.31348e+00
   691    5.37350e+00
   692    5.43421e+00
   693    5.49562e+00
   694    5.55774e+00
   695    5.62058e+00
   696    5.68414e+00
   697    5.74844e+00
   698    5.81348e+00
   699    5.87927e+00
   700    5.94583e+00
   701    6.01315e+00
   702    6.08126e+00
   703    6.15015e+00
   704    6.21984e+00
   705    6.29034e+00
   706    6.36165e+00
   707    6.43380e+00
   708    6.50678e+00
   709    6.58060e+00
   710    6.65528e+00
   711    6.73084e+00
   712    6.80726e+00
   713    6.88458e+00
   714    6.96279e+00
   715    7.04192e+00
   716    7.12196e+00
   717    7.20294e+00
   718    7.28486e+00
   719    7.36773e+00
   720    7.45157e+00
   721    7.53638e+00
   722    7.62218e+00
   723    7.70899e+00
   724    7.79680e+00
   725    7.88564e+00
   726    7.97552e+00
   727    8.06644e+00
   728    8.15843e+00
   729    8.25150e+00
   730    8.34565e+00
   731    8.44090e+00
   732    8.53726e+00
   733    8.63476e+00
   734    8.73339e+00
   735    8.83318e+00
   736    8.93414e+00
   737    9.03628e+00
   738    9.13961e+00
   739    9.24416e+00
   740    9.34994e+00
   741    9.45695e+00
   742    9.56522e+00
   743    9.67477e+00
   744    9.78560e+00
   745    9.89773e+00
   746    1.00112e+01
   747    1.01260e+01
   748    1.02421e+01
   749    1.03596e+01
   750    1.04785e+01
   751    1.05988e+01
   752    1.07205e+01
   753    1.08436e+01
   754    1.09682e+01
   755    1.10942e+01
   756    1.12218e+01
   757    1.13508e+01
   758    1.14814e+01
   759    1.16135e+01
   760    1.17472e+01
   761    1.18824e+01
   762    1.20193e+01
   763    1.21577e+01
   764    1.22978e+01
   765    1.24396e+01
   766    1.25830e+01
   767    1.27282e+01
   768    1.28750e+01
   769    1.30236e+01
   770    1.31740e+01
   771    1.33261e+01
   772    1.34801e+01
   773    1.36359e+01
   774    1.37935e+01
   775    1.39530e+01
   776    1.41144e+01
   777    1.42777e+01
   778    1.44430e+01
   779    1.46102e+01
   780    1.47794e+01
   781    1.49506e+01
   782    1.51239e+01
   783    1.52992e+01
   784    1.54766e+01
   785    1.56561e+01
   786    1.58378e+01
   787    1.60217e+01
   788    1.62077e+01
   789    1.63959e+01
   790    1.65864e+01
   791    1.67792e+01
   792    1.69743e+01
   793    1.71717e+01
   794    1.73715e+01
   795    1.75737e+01
   796    1.77782e+01
   797    1.79853e+01
   798    1.81948e+01
   799    1.84068e+01
   800    1.86214e+01
   801    1.88385e+01
   802    1.90583e+01
   803    1.92807e+01
   804    1.95057e+01
   805    1.97335e+01
   806    1.99640e+01
   807    2.01973e+01
   808    2.04333e+01
   809    2.06722e+01
   810    2.09140e+01
   811    2.11587e+01
   812    2.14064e+01
   813    2.16570e+01
   814    2.19107e+01
   815    2.21674e+01
   816    2.24272e+01
   817    2.26901e+01
   818    2.29562e+01
   819    2.32256e+01
   820    2.34981e+01
   821    2.37740e+01
   822    2.40532e+01
   823    2.43358e+01
   824    2.46218e+01
   825    2.49113e+01
   826    2.52043e+01
   827    2.55008e+01
   828    2.58009e+01
   829    2.61047e+01
   830    2.64121e+01
   831    2.67233e+01
   832    2.70383e+01
   833    2.73570e+01
   834    2.76797e+01
   835    2.80062e+01
   836    2.83368e+01
   837    2.86713e+01
   838    2.90100e+01
   839    2.93527e+01
   840    2.96996e+01
   841    3.00508e+01
   842    3.04062e+01
   843    3.07660e+01
   844    3.11301e+01
   845    3.14987e+01
   846    3.18718e+01
   847    3.22495e+01
   848    3.26317e+01
   849    3.30187e+01
   850    3.34103e+01
   851    3.38068e+01
   852    3.42081e+01
   853    3.46143e+01
   854    3.50255e+01
   855    3.54418e+01
   856    3.58631e+01
   857    3.62896e+01
   858    3.67213e+01
   859    3.71583e+01
   860    3.76007e+01
   861    3.80486e+01
   862    3.85019e+01
   863    3.89608e+01
   864    3.94253e+01
   865    3.98956e+01
   866    4.03716e+01
   867    4.08535e+01
   868    4.13413e+01
   869    4.18352e+01
   870    4.23351e+01
   871    4.28412e+01
   872    4.33536e+01
   873    4.38722e+01
   874    4.43973e+01
   875    4.49289e+01
   876    4.54670e+01
   877    4.60118e+01
   878    4.65633e+01
   879    4.71216e+01
   880    4.76868e+01
   881    4.82591e+01
   882    4.88384e+01
   883    4.94249e+01
   884    5.00187e+01
   885    5.06199e+01
   886    5.12285e+01
   887    5.18446e+01
   888    5.24685e+01
   889    5.31000e+01
   890    5.37394e+01
   891    5.43868e+01
   892    5.50422e+01
   893    5.57058e+01
   894    5.63776e+01
   895    5.70579e+01
   896    5.77465e+01
   897    5.84438e+01
   898    5.91498e+01
   899    5.98645e+01
   900    6.05882e+01
   901    6.13210e+01
   902    6.20628e+01
   903    6.28140e+01
   904    6.35745e+01
   905    6.43446e+01
   906    6.51243e+01
   907    6.59138e+01
   908    6.67131e+01
   909    6.75225e+01
   910    6.83420e+01
   911    6.91718e+01
   912    7.00120e+01
   913    7.08627e+01
   914    7.17241e+01
   915    7.25964e+01
   916    7.34796e+01
   917    7.43739e+01
   918    7.52795e+01
   919    7.61964e+01
   920    7.71249e+01
   921    7.80651e+01
   922    7.90172e+01
   923    7.99812e+01
   924    8.09574e+01
   925    8.19460e+01
   926    8.29470e+01
   927    8.39606e+01
   928    8.49871e+01
   929    8.60265e+01
   930    8.70791e+01
   931    8.81449e+01
   932    8.92243e+01
   933    9.03173e+01
   934    9.14242e+01
   935    9.25451e+01
   936    9.36803e+01
   937    9.48298e+01
   938    9.59939e+01
   939    9.71728e+01
   940    9.83667e+01
   941    9.95757e+01
   942    1.00800e+02
   943    1.02040e+02
   944    1.03296e+02
   945    1.04568e+02
   946    1.05855e+02
   947    1.07160e+02
   948    1.08481e+02
   949    1.09819e+02
   950    1.11173e+02
   951    1.12546e+02
   952    1.13935e+02
   953    1.15343e+02
   954    1.16768e+02
   955    1.18212e+02
   956    1.19674e+02
   957    1.21155e+02
   958    1.22655e+02
   959    1.24174e+02
   960    1.25712e+02
   961    1.27270e+02
   962    1.28849e+02
   963    1.30447e+02
   964    1.32066e+02
   965    1.33706e+02
   966    1.35367e+02
   967    1.37049e+02
   968    1.38753e+02
   969    1.40478e+02
   970    1.42226e+02
   971    1.43997e+02
   972    1.45790e+02
   973    1.47606e+02
   974    1.49446e+02
   975    1.51310e+02
   976    1.53197e+02
   977    1.55109e+02
   978    1.57046e+02
   979    1.59008e+02
   980    1.60995e+02
   981    1.63008e+02
   982    1.65047e+02
   983    1.67112e+02
   984    1.69204e+02
   985    1.71323e+02
   986    1.73470e+02
   987    1.75644e+02
   988    1.77847e+02
   989    1.80078e+02
   990    1.82339e+02
   991    1.84628e+02
   992    1.86948e+02
   993    1.89298e+02
   994    1.91678e+02
   995    1.94089e+02
   996    1.96532e+02
   997    1.99006e+02
   998    2.01513e+02
   999    2.04052e+02
  1000    2.06625e+02
  1001    2.09231e+02
  1002    2.11872e+02
  1003    2.14546e+02
  1004    2.17256e+02
  1005    2.20001e+02
  1006    2.22782e+02
  1007    2.25600e+02
  1008    2.28455e+02
  1009    2.31346e+02
  1010    2.34276e+02
  1011    2.37245e+02
  1012    2.40252e+02
  1013    2.43299e+02
  1014    2.46385e+02
  1015    2.49513e+02
  1016    2.52681e+02
  1017    2.55891e+02
  1018    2.59144e+02
  1019    2.62439e+02
  1020    2.65778e+02
  1021    2.69161e+02
  1022    2.72588e+02
  1023    2.76061e+02
  1024    2.79579e+02
  1025    2.83144e+02
  1026    2.86756e+02
  1027    2.90416e+02
  1028    2.94124e+02
  1029    2.97881e+02
  1030    3.01688e+02
  1031    3.05545e+02
  1032    3.09454e+02
  1033    3.13414e+02
  1034    3.17427e+02
  1035    3.21493e+02
  1036    3.25614e+02
  1037    3.29788e+02
  1038    3.34019e+02
  1039    3.38305e+02
  1040    3.42649e+02
  1041    3.47051e+02
  1042    3.51511e+02
  1043    3.56030e+02
  1044    3.60610e+02
  1045    3.65251e+02
  1046    3.69954e+02
  1047    3.74719e+02
  1048    3.79548e+02
  1049    3.84442e+02
  1050    3.89401e+02
  1051    3.94427e+02
  1052    3.99519e+02
  1053    4.04680e+02
  1054    4.09910e+02
  1055    4.15210e+02
  1056    4.20582e+02
  1057    4.26025e+02
  1058    4.31541e+02
  1059    4.37132e+02
  1060    4.42797e+02
  1061    4.48539e+02
  1062    4.54358e+02
  1063    4.60255e+02
  1064    4.66231e+02
  1065    4.72288e+02
  1066    4.78427e+02
  1067    4.84648e+02
  1068    4.90953e+02
  1069    4.97344e+02
  1070    5.03820e+02
  1071    5.10384e+02
  1072    5.17037e+02
  1073    5.23780e+02
  1074    5.30614e+02
  1075    5.37540e+02
  1076    5.44561e+02
  1077    5.51676e+02
  1078    5.58888e+02
  1079    5.66197e+02
  1080    5.73606e+02
  1081    5.81115e+02
  1082    5.88727e+02
  1083    5.96441e+02
  1084    6.04261e+02
  1085    6.12187e+02
  1086    6.20221e+02
  1087    6.28364e+02
  1088    6.36618e+02
  1089    6.44984e+02
  1090    6.53465e+02
  1091    6.62061e+02
  1092    6.70775e+02
  1093    6.79608e+02
  1094    6.88561e+02
  1095    6.97637e+02
  1096    7.06836e+02
  1097    7.16162e+02
  1098    7.25616e+02
  1099    7.35198e+02
  1100    7.44913e+02
  1101    7.54760e+02
  1102    7.64742e+02
  1103    7.74862e+02
  1104    7.85120e+02
  1105    7.95519e+02
  1106    8.06062e+02
  1107    8.16749e+02
  1108    8.27583e+02
  1109    8.38566e+02
  1110    8.49701e+02
  1111    8.60989e+02
  1112    8.72433e+02
  1113    8.84034e+02
  1114    8.95796e+02
  1115    9.07720e+02
  1116    9.19808e+02
  1117    9.32064e+02
  1118    9.44490e+02
  1119    9.57087e+02
  1120    9.69858e+02
  1121    9.82807e+02
  1122    9.95935e+02
  1123    1.00924e+03
  1124    1.02274e+03
  1125    1.03642e+03
  1126    1.05029e+03
  1127    1.06436e+03
  1128    1.07862e+03
  1129    1.09307e+03
  1130    1.10773e+03
  1131    1.12260e+03
  1132    1.13767e+03
  1133    1.15295e+03
  1134    1.16844e+03
  1135    1.18415e+03
  1136    1.20008e+03
  1137    1.21623e+03
  1138    1.23261e+03
  1139    1.24921e+03
  1140    1.26605e+03
  1141    1.28312e+03
  1142    1.30044e+03
  1143    1.31799e+03
  1144    1.33579e+03
  1145    1.35384e+03
  1146    1.37214e+03
  1147    1.39070e+03
  1148    1.40953e+03
  1149    1.42861e+03
  1150    1.44796e+03
  1151    1.46759e+03
  1152    1.48749e+03
  1153    1.50767e+03
  1154    1.52814e+03
  1155    1.54890e+03
  1156    1.56994e+03
  1157    1.59129e+03
  1158    1.61293e+03
  1159    1.63488e+03
  1160    1.65714e+03
  1161    1.67972e+03
  1162    1.70262e+03
  1163    1.72583e+03
  1164    1.74938e+03
  1165    1.77326e+03
  1166    1.79748e+03
  1167    1.82205e+03
  1168    1.84696e+03
  1169    1.87222e+03
  1170    1.89785e+03
  1171    1.92383e+03
  1172    1.95019e+03
  1173    1.97692e+03
  1174    2.00404e+03
  1175    2.03154e+03
  1176    2.05943e+03
  1177    2.08771e+03
  1178    2.11641e+03
  1179    2.14551e+03
  1180    2.17502e+03
  1181    2.20496e+03
  1182    2.23533e+03
  1183    2.26613e+03
  1184    2.29737e+03
  1185    2.32905e+03
  1186    2.36119e+03
  1187    2.39380e+03
  1188    2.42686e+03
  1189    2.46041e+03
  1190    2.49443e+03
  1191    2.52894e+03
  1192    2.56395e+03
  1193    2.59946e+03
  1194    2.63549e+03
  1195    2.67203e+03
  1196    2.70909e+03
  1197    2.74669e+03
  1198    2.78483e+03
  1199    2.82353e+03
  1200    2.86278e+03
  1201    2.90259e+03
  1202    2.94298e+03
  1203    2.98396e+03
  1204    3.02553e+03
  1205    3.06769e+03
  1206    3.11047e+03
  1207    3.15387e+03
  1208    3.19789e+03
  1209    3.24256e+03
  1210    3.28787e+03
  1211    3.33384e+03
  1212    3.38048e+03
  1213    3.42779e+03
  1214    3.47579e+03
  1215    3.52449e+03
  1216    3.57389e+03
  1217    3.62402e+03
  1218    3.67488e+03
  1219    3.72647e+03
  1220    3.77882e+03
  1221    3.83193e+03
  1222    3.88582e+03
  1223    3.94049e+03
  1224    3.99597e+03
  1225    4.05225e+03
  1226    4.10935e+03
  1227    4.16729e+03
  1228    4.22608e+03
  1229    4.28573e+03
  1230    4.34626e+03
  1231    4.40767e+03
  1232    4.46998e+03
  1233    4.53321e+03
  1234    4.59736e+03
  1235    4.66246e+03
  1236    4.72851e+03
  1237    4.79554e+03
  1238    4.86355e+03
  1239    4.93256e+03
  1240    5.00259e+03
  1241    5.07365e+03
  1242    5.14576e+03
  1243    5.21893e+03
  1244    5.29319e+03
  1245    5.36854e+03
  1246    5.44500e+03
  1247    5.52259e+03
  1248    5.60133e+03
  1249    5.68124e+03
  1250    5.76233e+03
  1251    5.84462e+03
  1252    5.92813e+03
  1253    6.01288e+03
  1254    6.09888e+03
  1255    6.18617e+03
  1256    6.27475e+03
  1257    6.36464e+03
  1258    6.45587e+03
  1259    6.54846e+03
  1260    6.64243e+03
  1261    6.73780e+03
  1262    6.83459e+03
  1263    6.93282e+03
  1264    7.03252e+03
  1265    7.13370e+03
  1266    7.23640e+03
  1267    7.34062e+03
  1268    7.44641e+03
  1269    7.55378e+03
  1270    7.66276e+03
  1271    7.77337e+03
  1272    7.88563e+03
  1273    7.99958e+03
  1274    8.11524e+03
  1275    8.23263e+03
  1276    8.35178e+03
  1277    8.47272e+03
  1278    8.59548e+03
  1279    8.72009e+03
  1280    8.84657e+03
  1281    8.97495e+03
  1282    9.10527e+03
  1283    9.23755e+03
  1284    9.37183e+03
  1285    9.50813e+03
  1286    9.64648e+03
  1287    9.78693e+03
  1288    9.92950e+03
  1289    1.00742e+04
  1290    1.02211e+04
  1291    1.03703e+04
  1292    1.05217e+04
  1293    1.06753e+04
  1294    1.08314e+04
  1295    1.09897e+04
  1296    1.11505e+04
  1297    1.13137e+04
  1298    1.14794e+04
  1299    1.16477e+04
  1300    1.18184e+04
  1301    1.19918e+04
  1302    1.21678e+04
  1303    1.23465e+04
  1304    1.25279e+04
  1305    1.27121e+04
  1306    1.28991e+04
  1307    1.30889e+04
  1308    1.32817e+04
  1309    1.34774e+04
  1310    1.36760e+04
  1311    1.38778e+04
  1312    1.40826e+04
  1313    1.42905e+04
  1314    1.45016e+04
  1315    1.47160e+04
  1316    1.49336e+04
  1317    1.51546e+04
  1318    1.53790e+04
  1319    1.56068e+04
  1320    1.58381e+04
  1321    1.60730e+04
  1322    1.63115e+04
  1323    1.65536e+04
  1324    1.67995e+04
  1325    1.70492e+04
  1326    1.73027e+04
  1327    1.75601e+04
  1328    1.78215e+04
  1329    1.80869e+04
  1330    1.83565e+04
  1331    1.86302e+04
  1332    1.89081e+04
  1333    1.91904e+04
  1334    1.94770e+04
  1335    1.97680e+04
  1336    2.00636e+04
  1337    2.03637e+04
  1338    2.06685e+04
  1339    2.09780e+04
  1340    2.12923e+04
  1341    2.16115e+04
  1342    2.19357e+04
  1343    2.22649e+04
  1344    2.25992e+04
  1345    2.29388e+04
  1346    2.32836e+04
  1347    2.36338e+04
  1348    2.39895e+04
  1349    2.43507e+04
  1350    2.47175e+04
  1351    2.50901e+04
  1352    2.54685e+04
  1353    2.58528e+04
  1354    2.62432e+04
  1355    2.66396e+04
  1356    2.70423e+04
  1357    2.74512e+04
  1358    2.78666e+04
  1359    2.82885e+04
  1360    2.87170e+04
  1361    2.91522e+04
  1362    2.95943e+04
  1363    3.00433e+04
  1364    3.04994e+04
  1365    3.09626e+04
  1366    3.14332e+04
  1367    3.19111e+04
  1368    3.23966e+04
  1369    3.28898e+04
  1370    3.33907e+04
  1371    3.38995e+04
  1372    3.44164e+04
  1373    3.49414e+04
  1374    3.54747e+04
  1375    3.60165e+04
  1376    3.65669e+04
  1377    3.71259e+04
  1378    3.76938e+04
  1379    3.82707e+04
  1380    3.88568e+04
  1381    3.94522e+04
  1382    4.00570e+04
  1383    4.06714e+04
  1384    4.12956e+04
  1385    4.19297e+04
  1386    4.25739e+04
  1387    4.32284e+04
  1388    4.38933e+04
  1389    4.45687e+04
  1390    4.52550e+04
  1391    4.59522e+04
  1392    4.66605e+04
  1393    4.73801e+04
  1394    4.81113e+04
  1395    4.88541e+04
  1396    4.96088e+04
  1397    5.03755e+04
  1398    5.11546e+04
  1399    5.19461e+04
  1400    5.27503e+04
  1401    5.35674e+04
  1402    5.43977e+04
  1403    5.52412e+04
  1404    5.60983e+04
  1405    5.69692e+04
  1406    5.78540e+04
  1407    5.87531e+04
  1408    5.96667e+04
  1409    6.05950e+04
  1410    6.15382e+04
  1411    6.24967e+04
  1412    6.34706e+04
  1413    6.44602e+04
  1414    6.54658e+04
  1415    6.64876e+04
  1416    6.75260e+04
  1417    6.85811e+04
  1418    6.96534e+04
  1419    7.07429e+04
  1420    7.18502e+04
  1421    7.29753e+04
  1422    7.41188e+04
  1423    7.52807e+04
  1424    7.64615e+04
  1425    7.76615e+04
  1426    7.88810e+04
  1427    8.01203e+04
  1428    8.13798e+04
  1429    8.26598e+04
  1430    8.39606e+04
  1431    8.52826e+04
  1432    8.66261e+04
  1433    8.79916e+04
  1434    8.93793e+04
  1435    9.07897e+04
  1436    9.22231e+04
  1437    9.36800e+04
  1438    9.51607e+04
  1439    9.66655e+04
  1440    9.81951e+04
  1441    9.97496e+04
  1442    1.01330e+05
  1443    1.02936e+05
  1444    1.04568e+05
  1445    1.06227e+05
  1446    1.07913e+05
  1447    1.09627e+05
  1448    1.11369e+05
  1449    1.13140e+05
  1450    1.14940e+05
  1451    1.16770e+05
  1452    1.18630e+05
  1453    1.20520e+05
  1454    1.22441e+05
  1455    1.24395e+05
  1456    1.26380e+05
  1457    1.28398e+05
  1458    1.30450e+05
  1459    1.32535e+05
  1460    1.34655e+05
  1461    1.36811e+05
  1462    1.39001e+05
  1463    1.41228e+05
  1464    1.43492e+05
  1465    1.45794e+05
  1466    1.48134e+05
  1467    1.50512e+05
  1468    1.52930e+05
  1469    1.55388e+05
  1470    1.57887e+05
  1471    1.60428e+05
  1472    1.63011e+05
  1473    1.65637e+05
  1474    1.68307e+05
  1475    1.71021e+05
  1476    1.73780e+05
  1477    1.76586e+05
  1478    1.79438e+05
  1479    1.82338e+05
  1480    1.85286e+05
  1481    1.88284e+05
  1482    1.91332e+05
  1483    1.94431e+05
  1484    1.97582e+05
  1485    2.00785e+05
  1486    2.04043e+05
  1487    2.07355e+05
  1488    2.10722e+05
  1489    2.14146e+05
  1490    2.17628e+05
  1491    2.21168e+05
  1492    2.24767e+05
  1493    2.28428e+05
  1494    2.32149e+05
  1495    2.35934e+05
  1496    2.39782e+05
  1497    2.43695e+05
  1498    2.47674e+05
  1499    2.51721e+05
  1500    2.55835e+05
  1501    2.60019e+05
  1502    2.64274e+05
  1503    2.68601e+05
  1504    2.73001e+05
  1505    2.77476e+05
  1506    2.82026e+05
  1507    2.86653e+05
  1508    2.91359e+05
  1509    2.96145e+05
  1510    3.01012e+05
  1511    3.05961e+05
  1512    3.10995e+05
  1513    3.16114e+05
  1514    3.21321e+05
  1515    3.26615e+05
  1516    3.32001e+05
  1517    3.37477e+05
  1518    3.43047e+05
  1519    3.48713e+05
  1520    3.54474e+05
  1521    3.60334e+05
  1522    3.66295e+05
  1523    3.72357e+05
  1524    3.78522e+05
  1525    3.84794e+05
  1526    3.91172e+05
  1527    3.97660e+05
  1528    4.04258e+05
  1529    4.10970e+05
  1530    4.17797e+05
  1531    4.24742e+05
  1532    4.31805e+05
  1533    4.38990e+05
  1534    4.46298e+05
  1535    4.53731e+05
  1536    4.61293e+05
  1537    4.68985e+05
  1538    4.76809e+05
  1539    4.84768e+05
  1540    4.92864e+05
  1541    5.01100e+05
  1542    5.09478e+05
  1543    5.18001e+05
  1544    5.26670e+05
  1545    5.35490e+05
  1546    5.44462e+05
  1547    5.53589e+05
  1548    5.62874e+05
  1549    5.72321e+05
  1550    5.81930e+05
  1551    5.91706e+05
  1552    6.01652e+05
  1553    6.11771e+05
  1554    6.22065e+05
  1555    6.32537e+05
  1556    6.43192e+05
  1557    6.54032e+05
  1558    6.65061e+05
  1559    6.76281e+05
  1560    6.87697e+05
  1561    6.99312e+05
  1562    7.11130e+05
  1563    7.23153e+05
  1564    7.35386e+05
  1565    7.47833e+05
  1566    7.60497e+05
  1567    7.73383e+05
  1568    7.86493e+05
  1569    7.99834e+05
  1570    8.13407e+05
  1571    8.27219e+05
  1572    8.41272e+05
  1573    8.55571e+05
  1574    8.70122e+05
  1575    8.84928e+05
  1576    8.99993e+05
  1577    9.15323e+05
  1578    9.30923e+05
  1579    9.46797e+05
  1580    9.62950e+05
  1581    9.79388e+05
  1582    9.96114e+05
  1583    1.01314e+06
  1584    1.03046e+06
  1585    1.04808e+06
  1586    1.06602e+06
  1587    1.08428e+06
  1588    1.10285e+06
  1589    1.12176e+06
  1590    1.14100e+06
  1591    1.16058e+06
  1592    1.18051e+06
  1593    1.20079e+06
  1594    1.22142e+06
  1595    1.24243e+06
  1596    1.26381e+06
  1597    1.28556e+06
  1598    1.30770e+06
  1599    1.33024e+06
  1600    1.35318e+06
  1601    1.37652e+06
  1602    1.40028e+06
  1603    1.42446e+06
  1604    1.44907e+06
  1605    1.47413e+06
  1606    1.49962e+06
  1607    1.52558e+06
  1608    1.55199e+06
  1609    1.57888e+06
  1610    1.60624e+06
  1611    1.63410e+06
  1612    1.66245e+06
  1613    1.69131e+06
  1614    1.72069e+06
  1615    1.75059e+06
  1616    1.78103e+06
  1617    1.81202e+06
  1618    1.84356e+06
  1619    1.87566e+06
  1620    1.90835e+06
  1621    1.94162e+06
  1622    1.97548e+06
  1623    2.00996e+06
  1624    2.04505e+06
  1625    2.08078e+06
  1626    2.11715e+06
  1627    2.15418e+06
  1628    2.19187e+06
  1629    2.23024e+06
  1630    2.26930e+06
  1631    2.30907e+06
  1632    2.34956e+06
  1633    2.39078e+06
  1634    2.43274e+06
  1635    2.47547e+06
  1636    2.51896e+06
  1637    2.56324e+06
  1638    2.60833e+06
  1639    2.65423e+06
  1640    2.70096e+06
  1641    2.74855e+06
  1642    2.79699e+06
  1643    2.84632e+06
  1644    2.89654e+06
  1645    2.94767e+06
  1646    2.99973e+06
  1647    3.05274e+06
  1648    3.10672e+06
  1649    3.16167e+06
  1650    3.21763e+06
  1651    3.27461e+06
  1652    3.33263e+06
  1653    3.39170e+06
  1654    3.45186e+06
  1655    3.51311e+06
  1656    3.57549e+06
  1657    3.63900e+06
  1658    3.70367e+06
  1659    3.76953e+06
  1660    3.83660e+06
  1661    3.90489e+06
  1662    3.97443e+06
  1663    4.04525e+06
  1664    4.11737e+06
  1665    4.19081e+06
  1666    4.26560e+06
  1667    4.34177e+06
  1668    4.41933e+06
  1669    4.49832e+06
  1670    4.57877e+06
  1671    4.66069e+06
  1672    4.74413e+06
  1673    4.82910e+06
  1674    4.91563e+06
  1675    5.00377e+06
  1676    5.09353e+06
  1677    5.18495e+06
  1678    5.27805e+06
  1679    5.37288e+06
  1680    5.46946e+06
  1681    5.56783e+06
  1682    5.66802e+06
  1683    5.77006e+06
  1684    5.87399e+06
  1685    5.97985e+06
  1686    6.08767e+06
  1687    6.19750e+06
  1688    6.30936e+06
  1689    6.42330e+06
  1690    6.53935e+06
  1691    6.65757e+06
  1692    6.77798e+06
  1693    6.90063e+06
  1694    7.02557e+06
  1695    7.15283e+06
  1696    7.28247e+06
  1697    7.41452e+06
  1698    7.54903e+06
  1699    7.68606e+06
  1700    7.82564e+06
  1701    7.96783e+06
  1702    8.11268e+06
  1703    8.26024e+06
  1704    8.41056e+06
  1705    8.56369e+06
  1706    8.71969e+06
  1707    8.87861e+06
  1708    9.04051e+06
  1709    9.20545e+06
  1710    9.37348e+06
  1711    9.54466e+06
  1712    9.71907e+06
  1713    9.89674e+06
  1714    1.00778e+07
  1715    1.02622e+07
  1716    1.04501e+07
  1717    1.06415e+07
  1718    1.08365e+07
  1719    1.10353e+07
  1720    1.12377e+07
  1721    1.14440e+07
  1722    1.16542e+07
  1723    1.18683e+07
  1724    1.20865e+07
  1725    1.23088e+07
  1726    1.25353e+07
  1727    1.27661e+07
  1728    1.30012e+07
  1729    1.32409e+07
  1730    1.34850e+07
  1731    1.37338e+07
  1732    1.39873e+07
  1733    1.42456e+07
  1734    1.45088e+07
  1735    1.47770e+07
  1736    1.50503e+07
  1737    1.53288e+07
  1738    1.56126e+07
  1739    1.59018e+07
  1740    1.61965e+07
  1741    1.64969e+07
  1742    1.68029e+07
  1743    1.71148e+07
  1744    1.74326e+07
  1745    1.77565e+07
  1746    1.80866e+07
  1747    1.84229e+07
  1748    1.87657e+07
  1749    1.91151e+07
  1750    1.94711e+07
  1751    1.98340e+07
  1752    2.02038e+07
  1753    2.05807e+07
  1754    2.09648e+07
  1755    2.13563e+07
  1756    2.17552e+07
  1757    2.21619e+07
  1758    2.25763e+07
  1759    2.29987e+07
  1760    2.34293e+07
  1761    2.38681e+07
  1762    2.43153e+07
  1763    2.47712e+07
  1764    2.52358e+07
  1765    2.57094e+07
  1766    2.61921e+07
  1767    2.66841e+07
  1768    2.71856e+07
  1769    2.76968e+07
  1770    2.82179e+07
  1771    2.87490e+07
  1772    2.92904e+07
  1773    2.98423e+07
  1774    3.04049e+07
  1775    3.09783e+07
  1776    3.15629e+07
  1777    3.21587e+07
  1778    3.27661e+07
  1779    3.33853e+07
  1780    3.40166e+07
  1781    3.46600e+07
  1782    3.53160e+07
  1783    3.59847e+07
  1784    3.66664e+07
  1785    3.73614e+07
  1786    3.80699e+07
  1787    3.87922e+07
  1788    3.95285e+07
  1789    4.02793e+07
  1790    4.10446e+07
  1791    4.18249e+07
  1792    4.26204e+07
  1793    4.34314e+07
  1794    4.42582e+07
  1795    4.51013e+07
  1796    4.59608e+07
  1797    4.68371e+07
  1798    4.77306e+07
  1799    4.86415e+07
  1800    4.95703e+07
  1801    5.05173e+07
  1802    5.14829e+07
  1803    5.24674e+07
  1804    5.34712e+07
  1805    5.44948e+07
  1806    5.55384e+07
  1807    5.66026e+07
  1808    5.76877e+07
  1809    5.87941e+07
  1810    5.99223e+07
  1811    6.10727e+07
  1812    6.22458e+07
  1813    6.34420e+07
  1814    6.46617e+07
  1815    6.59056e+07
  1816    6.71740e+07
  1817    6.84674e+07
  1818    6.97864e+07
  1819    7.11314e+07
  1820    7.25030e+07
  1821    7.39018e+07
  1822    7.53283e+07
  1823    7.67830e+07
  1824    7.82665e+07
  1825    7.97794e+07
  1826    8.13223e+07
  1827    8.28958e+07
  1828    8.45006e+07
  1829    8.61372e+07
  1830    8.78063e+07
  1831    8.95086e+07
  1832    9.12447e+07
  1833    9.30154e+07
  1834    9.48213e+07
  1835    9.66632e+07
  1836    9.85418e+07
  1837    1.00458e+08
  1838    1.02412e+08
  1839    1.04405e+08
  1840    1.06438e+08
  1841    1.08512e+08
  1842    1.10627e+08
  1843    1.12784e+08
  1844    1.14984e+08
  1845    1.17229e+08
  1846    1.19518e+08
  1847    1.21853e+08
  1848    1.24235e+08
  1849    1.26665e+08
  1850    1.29143e+08
  1851    1.31671e+08
  1852    1.34250e+08
  1853    1.36881e+08
  1854    1.39564e+08
  1855    1.42301e+08
  1856    1.45094e+08
  1857    1.47942e+08
  1858    1.50848e+08
  1859    1.53813e+08
  1860    1.56837e+08
  1861    1.59922e+08
  1862    1.63069e+08
  1863    1.66280e+08
  1864    1.69555e+08
  1865    1.72897e+08
  1866    1.76306e+08
  1867    1.79784e+08
  1868    1.83333e+08
  1869    1.86953e+08
  1870    1.90646e+08
  1871    1.94414e+08
  1872    1.98259e+08
  1873    2.02181e+08
  1874    2.06183e+08
  1875    2.10266e+08
  1876    2.14432e+08
  1877    2.18682e+08
  1878    2.23019e+08
  1879    2.27444e+08
  1880    2.31959e+08
  1881    2.36566e+08
  1882    2.41266e+08
  1883    2.46062e+08
  1884    2.50956e+08
  1885    2.55950e+08
  1886    2.61045e+08
  1887    2.66244e+08
  1888    2.71549e+08
  1889    2.76963e+08
  1890    2.82487e+08
  1891    2.88124e+08
  1892    2.93876e+08
  1893    2.99746e+08
  1894    3.05736e+08
  1895    3.11849e+08
  1896    3.18086e+08
  1897    3.24452e+08
  1898    3.30948e+08
  1899    3.37577e+08
  1900    3.44342e+08
  1901    3.51246e+08
  1902    3.58292e+08
  1903    3.65483e+08
  1904    3.72821e+08
  1905    3.80310e+08
  1906    3.87953e+08
  1907    3.95754e+08
  1908    4.03715e+08
  1909    4.11840e+08
  1910    4.20133e+08
  1911    4.28596e+08
  1912    4.37234e+08
  1913    4.46051e+08
  1914    4.55049e+08
  1915    4.64233e+08
  1916    4.73607e+08
  1917    4.83175e+08
  1918    4.92941e+08
  1919    5.02909e+08
  1920    5.13083e+08
  1921    5.23468e+08
  1922    5.34068e+08
  1923    5.44887e+08
  1924    5.55932e+08
  1925    5.67205e+08
  1926    5.78712e+08
  1927    5.90458e+08
  1928    6.02449e+08
  1929    6.14688e+08
  1930    6.27182e+08
  1931    6.39936e+08
  1932    6.52955e+08
  1933    6.66246e+08
  1934    6.79813e+08
  1935    6.93663e+08
  1936    7.07802e+08
  1937    7.22236e+08
  1938    7.36971e+08
  1939    7.52014e+08
  1940    7.67371e+08
  1941    7.83049e+08
  1942    7.99054e+08
  1943    8.15395e+08
  1944    8.32077e+08
  1945    8.49109e+08
  1946    8.66497e+08
  1947    8.84249e+08
  1948    9.02374e+08
  1949    9.20879e+08
  1950    9.39772e+08
  1951    9.59062e+08
  1952    9.78757e+08
  1953    9.98866e+08
  1954    1.01940e+09
  1955    1.04036e+09
  1956    1.06176e+09
  1957    1.08362e+09
  1958    1.10593e+09
  1959    1.12872e+09
  1960    1.15198e+09
  1961    1.17574e+09
  1962    1.20000e+09
  1963    1.22476e+09
  1964    1.25006e+09
  1965    1.27588e+09
  1966    1.30225e+09
  1967    1.32918e+09
  1968    1.35668e+09
  1969    1.38476e+09
  1970    1.41343e+09
  1971    1.44272e+09
  1972    1.47262e+09
  1973    1.50316e+09
  1974    1.53434e+09
  1975    1.56619e+09
  1976    1.59871e+09
  1977    1.63192e+09
  1978    1.66584e+09
  1979    1.70047e+09
  1980    1.73585e+09
  1981    1.77198e+09
  1982    1.80887e+09
  1983    1.84656e+09
  1984    1.88504e+09
  1985    1.92434e+09
  1986    1.96449e+09
  1987    2.00549e+09
  1988    2.04736e+09
  1989    2.09013e+09
  1990    2.13381e+09
  1991    2.17842e+09
  1992    2.22399e+09
  1993    2.27053e+09
  1994    2.31807e+09
  1995    2.36663e+09
  1996    2.41622e+09
  1997    2.46688e+09
  1998    2.51862e+09
  1999    2.57148e+09
  2000    2.62546e+09
  2001    2.68061e+09
  2002    2.73694e+09
  2003    2.79448e+09
  2004    2.85325e+09
  2005    2.91329e+09
  2006    2.97462e+09
  2007    3.03727e+09
  2008    3.10127e+09
  2009    3.16664e+09
  2010    3.23343e+09
  2011    3.30165e+09
  2012    3.37135e+09
  2013    3.44255e+09
  2014    3.51529e+09
  2015    3.58959e+09
  2016    3.66550e+09
  2017    3.74306e+09
  2018    3.82228e+09
  2019    3.90323e+09
  2020    3.98592e+09
  2021    4.07041e+09
  2022    4.15672e+09
  2023    4.24490e+09
  2024    4.33500e+09
  2025    4.42705e+09
  2026    4.52110e+09
  2027    4.61718e+09
  2028    4.71536e+09
  2029    4.81566e+09
  2030    4.91815e+09
  2031    5.02287e+09
  2032    5.12986e+09
  2033    5.23918e+09
  2034    5.35088e+09
  2035    5.46502e+09
  2036    5.58164e+09
  2037    5.70080e+09
  2038    5.82256e+09
  2039    5.94698e+09
  2040    6.07412e+09
  2041    6.20403e+09
  2042    6.33678e+09
  2043    6.47243e+09
  2044    6.61104e+09
  2045    6.75269e+09
  2046    6.89744e+09
  2047    7.04536e+09
  2048    7.19651e+09
  2049    7.35098e+09
  2050    7.50884e+09
  2051    7.67016e+09
  2052    7.83501e+09
  2053    8.00349e+09
  2054    8.17566e+09
  2055    8.35162e+09
  2056    8.53144e+09
  2057    8.71522e+09
  2058    8.90304e+09
  2059    9.09500e+09
  2060    9.29118e+09
  2061    9.49168e+09
  2062    9.69660e+09
  2063    9.90604e+09
  2064    1.01201e+10
  2065    1.03389e+10
  2066    1.05625e+10
  2067    1.07910e+10
  2068    1.10246e+10
  2069    1.12634e+10
  2070    1.15074e+10
  2071    1.17568e+10
  2072    1.20118e+10
  2073    1.22724e+10
  2074    1.25388e+10
  2075    1.28110e+10
  2076    1.30894e+10
  2077    1.33738e+10
  2078    1.36646e+10
  2079    1.39619e+10
  2080    1.42657e+10
  2081    1.45763e+10
  2082    1.48938e+10
  2083    1.52184e+10
  2084    1.55501e+10
  2085    1.58893e+10
  2086    1.62360e+10
  2087    1.65904e+10
  2088    1.69528e+10
  2089    1.73232e+10
  2090    1.77018e+10
  2091    1.80890e+10
  2092    1.84847e+10
  2093    1.88893e+10
  2094    1.93029e+10
  2095    1.97258e+10
  2096    2.01581e+10
  2097    2.06001e+10
  2098    2.10520e+10
  2099    2.15140e+10
  2100    2.19863e+10
  2101    2.24693e+10
  2102    2.29630e+10
  2103    2.34678e+10
  2104    2.39840e+10
  2105    2.45117e+10
  2106    2.50513e+10
  2107    2.56030e+10
  2108    2.61671e+10
  2109    2.67439e+10
  2110    2.73336e+10
  2111    2.79366e+10
  2112    2.85532e+10
  2113    2.91837e+10
  2114    2.98284e+10
  2115    3.04876e+10
  2116    3.11616e+10
  2117    3.18509e+10
  2118    3.25557e+10
  2119    3.32765e+10
  2120    3.40135e+10
  2121    3.47671e+10
  2122    3.55378e+10
  2123    3.63260e+10
  2124    3.71319e+10
  2125    3.79561e+10
  2126    3.87990e+10
  2127    3.96609e+10
  2128    4.05424e+10
  2129    4.14438e+10
  2130    4.23657e+10
  2131    4.33086e+10
  2132    4.42728e+10
  2133    4.52589e+10
  2134    4.62674e+10
  2135    4.72988e+10
  2136    4.83537e+10
  2137    4.94326e+10
  2138    5.05360e+10
  2139    5.16646e+10
  2140    5.28188e+10
  2141    5.39994e+10
  2142    5.52068e+10
  2143    5.64418e+10
  2144    5.77050e+10
  2145    5.89970e+10
  2146    6.03184e+10
  2147    6.16701e+10
  2148    6.30527e+10
  2149    6.44668e+10
  2150    6.59133e+10
  2151    6.73929e+10
  2152    6.89064e+10
  2153    7.04545e+10
  2154    7.20380e+10
  2155    7.36579e+10
  2156    7.53149e+10
  2157    7.70099e+10
  2158    7.87438e+10
  2159    8.05175e+10
  2160    8.23319e+10
  2161    8.41880e+10
  2162    8.60868e+10
  2163    8.80292e+10
  2164    9.00163e+10
  2165    9.20491e+10
  2166    9.41287e+10
  2167    9.62563e+10
  2168    9.84328e+10
  2169    1.00659e+11
  2170    1.02938e+11
  2171    1.05268e+11
  2172    1.07653e+11
  2173    1.10092e+11
  2174    1.12588e+11
  2175    1.15141e+11
  2176    1.17754e+11
  2177    1.20427e+11
  2178    1.23161e+11
  2179    1.25959e+11
  2180    1.28822e+11
  2181    1.31751e+11
  2182    1.34748e+11
  2183    1.37815e+11
  2184    1.40952e+11
  2185    1.44163e+11
  2186    1.47448e+11
  2187    1.50809e+11
  2188    1.54248e+11
  2189    1.57767e+11
  2190    1.61368e+11
  2191    1.65053e+11
  2192    1.68824e+11
  2193    1.72682e+11
  2194    1.76630e+11
  2195    1.80670e+11
  2196    1.84804e+11
  2197    1.89035e+11
  2198    1.93364e+11
  2199    1.97795e+11
  2200    2.02329e+11
  2201    2.06968e+11
  2202    2.11716e+11
  2203    2.16575e+11
  2204    2.21548e+11
  2205    2.26637e+11
  2206    2.31845e+11
  2207    2.37175e+11
  2208    2.42630e+11
  2209    2.48213e+11
  2210    2.53926e+11
  2211    2.59774e+11
  2212    2.65758e+11
  2213    2.71884e+11
  2214    2.78152e+11
  2215    2.84569e+11
  2216    2.91136e+11
  2217    2.97857e+11
  2218    3.04736e+11
  2219    3.11778e+11
  2220    3.18984e+11
  2221    3.26361e+11
  2222    3.33911e+11
  2223    3.41640e+11
  2224    3.49550e+11
  2225    3.57647e+11
  2226    3.65935e+11
  2227    3.74419e+11
  2228    3.83103e+11
  2229    3.91992e+11
  2230    4.01091e+11
  2231    4.10406e+11
  2232    4.19940e+11
  2233    4.29700e+11
  2234    4.39692e+11
  2235    4.49919e+11
  2236    4.60389e+11
  2237    4.71108e+11
  2238    4.82080e+11
  2239    4.93312e+11
  2240    5.04811e+11
  2241    5.16583e+11
  2242    5.28635e+11
  2243    5.40972e+11
  2244    5.53603e+11
  2245    5.66535e+11
  2246    5.79773e+11
  2247    5.93327e+11
  2248    6.07204e+11
  2249    6.21410e+11
  2250    6.35956e+11
  2251    6.50848e+11
  2252    6.66095e+11
  2253    6.81705e+11
  2254    6.97688e+11
  2255    7.14053e+11
  2256    7.30808e+11
  2257    7.47964e+11
  2258    7.65529e+11
  2259    7.83515e+11
  2260    8.01931e+11
  2261    8.20787e+11
  2262    8.40095e+11
  2263    8.59865e+11
  2264    8.80109e+11
  2265    9.00838e+11
  2266    9.22064e+11
  2267    9.43799e+11
  2268    9.66055e+11
  2269    9.88846e+11
  2270    1.01218e+12
  2271    1.03608e+12
  2272    1.06056e+12
  2273    1.08562e+12
  2274    1.11128e+12
  2275    1.13756e+12
  2276    1.16448e+12
  2277    1.19204e+12
  2278    1.22027e+12
  2279    1.24917e+12
  2280    1.27878e+12
  2281    1.30909e+12
  2282    1.34014e+12
  2283    1.37194e+12
  2284    1.40451e+12
  2285    1.43786e+12
  2286    1.47202e+12
  2287    1.50700e+12
  2288    1.54284e+12
  2289    1.57953e+12
  2290    1.61712e+12
  2291    1.65562e+12
  2292    1.69505e+12
  2293    1.73543e+12
  2294    1.77679e+12
  2295    1.81916e+12
  2296    1.86255e+12
  2297    1.90700e+12
  2298    1.95253e+12
  2299    1.99916e+12
  2300    2.04693e+12
  2301    2.09586e+12
  2302    2.14597e+12
  2303    2.19731e+12
  2304    2.24990e+12
  2305    2.30376e+12
  2306    2.35894e+12
  2307    2.41547e+12
  2308    2.47337e+12
  2309    2.53268e+12
  2310    2.59344e+12
  2311    2.65568e+12
  2312    2.71945e+12
  2313    2.78477e+12
  2314    2.85168e+12
  2315    2.92024e+12
  2316    2.99047e+12
  2317    3.06241e+12
  2318    3.13612e+12
  2319    3.21163e+12
  2320    3.28899e+12
  2321    3.36825e+12
  2322    3.44945e+12
  2323    3.53264e+12
  2324    3.61787e+12
  2325    3.70520e+12
  2326    3.79467e+12
  2327    3.88633e+12
  2328    3.98025e+12
  2329    4.07647e+12
  2330    4.17506e+12
  2331    4.27608e+12
  2332    4.37958e+12
  2333    4.48563e+12
  2334    4.59429e+12
  2335    4.70563e+12
  2336    4.81972e+12
  2337    4.93661e+12
  2338    5.05639e+12
  2339    5.17913e+12
  2340    5.30489e+12
  2341    5.43376e+12
  2342    5.56582e+12
  2343    5.70113e+12
  2344    5.83980e+12
  2345    5.98189e+12
  2346    6.12750e+12
  2347    6.27671e+12
  2348    6.42962e+12
  2349    6.58631e+12
  2350    6.74689e+12
  2351    6.91145e+12
  2352    7.08009e+12
  2353    7.25291e+12
  2354    7.43002e+12
  2355    7.61153e+12
  2356    7.79755e+12
  2357    7.98819e+12
  2358    8.18357e+12
  2359    8.38381e+12
  2360    8.58903e+12
  2361    8.79936e+12
  2362    9.01492e+12
  2363    9.23586e+12
  2364    9.46229e+12
  2365    9.69437e+12
  2366    9.93224e+12
  2367    1.01760e+13
  2368    1.04259e+13
  2369    1.06821e+13
  2370    1.09446e+13
  2371    1.12137e+13
  2372    1.14895e+13
  2373    1.17722e+13
  2374    1.20619e+13
  2375    1.23589e+13
  2376    1.26634e+13
  2377    1.29755e+13
  2378    1.32954e+13
  2379    1.36233e+13
  2380    1.39594e+13
  2381    1.43040e+13
  2382    1.46572e+13
  2383    1.50193e+13
  2384    1.53904e+13
  2385    1.57709e+13
  2386    1.61610e+13
  2387    1.65608e+13
  2388    1.69707e+13
  2389    1.73909e+13
  2390    1.78217e+13
  2391    1.82634e+13
  2392    1.87161e+13
  2393    1.91803e+13
  2394    1.96562e+13
  2395    2.01440e+13
  2396    2.06442e+13
  2397    2.11570e+13
  2398    2.16827e+13
  2399    2.22218e+13
  2400    2.27744e+13
  2401    2.33410e+13
  2402    2.39219e+13
  2403    2.45175e+13
  2404    2.51282e+13
  2405    2.57543e+13
  2406    2.63963e+13
  2407    2.70546e+13
  2408    2.77295e+13
  2409    2.84216e+13
  2410    2.91312e+13
  2411    2.98588e+13
  2412    3.06048e+13
  2413    3.13698e+13
  2414    3.21543e+13
  2415    3.29586e+13
  2416    3.37834e+13
  2417    3.46292e+13
  2418    3.54965e+13
  2419    3.63858e+13
  2420    3.72978e+13
  2421    3.82330e+13
  2422    3.91921e+13
  2423    4.01756e+13
  2424    4.11841e+13
  2425    4.22184e+13
  2426    4.32791e+13
  2427    4.43668e+13
  2428    4.54823e+13
  2429    4.66263e+13
  2430    4.77996e+13
  2431    4.90028e+13
  2432    5.02368e+13
  2433    5.15023e+13
  2434    5.28003e+13
  2435    5.41314e+13
  2436    5.54967e+13
  2437    5.68969e+13
  2438    5.83330e+13
  2439    5.98060e+13
  2440    6.13167e+13
  2441    6.28662e+13
  2442    6.44554e+13
  2443    6.60855e+13
  2444    6.77574e+13
  2445    6.94723e+13
  2446    7.12313e+13
  2447    7.30355e+13
  2448    7.48861e+13
  2449    7.67844e+13
  2450    7.87315e+13
  2451    8.07288e+13
  2452    8.27775e+13
  2453    8.48791e+13
  2454    8.70348e+13
  2455    8.92461e+13
  2456    9.15145e+13
  2457    9.38414e+13
  2458    9.62284e+13
  2459    9.86771e+13
  2460    1.01189e+14
  2461    1.03766e+14
  2462    1.06409e+14
  2463    1.09121e+14
  2464    1.11903e+14
  2465    1.14758e+14
  2466    1.17686e+14
  2467    1.20690e+14
  2468    1.23771e+14
  2469    1.26933e+14
  2470    1.30177e+14
  2471    1.33505e+14
  2472    1.36919e+14
  2473    1.40422e+14
  2474    1.44016e+14
  2475    1.47703e+14
  2476    1.51486e+14
  2477    1.55368e+14
  2478    1.59350e+14
  2479    1.63436e+14
  2480    1.67629e+14
  2481    1.71930e+14
  2482    1.76344e+14
  2483    1.80873e+14
  2484    1.85520e+14
  2485    1.90288e+14
  2486    1.95181e+14
  2487    2.00201e+14
  2488    2.05352e+14
  2489    2.10638e+14
  2490    2.16062e+14
  2491    2.21628e+14
  2492    2.27339e+14
  2493    2.33200e+14
  2494    2.39214e+14
  2495    2.45386e+14
  2496    2.51719e+14
  2497    2.58218e+14
  2498    2.64888e+14
  2499    2.71732e+14
  2500    2.78756e+14
  2501    2.85964e+14
  2502    2.93362e+14
  2503    3.00954e+14
  2504    3.08745e+14
  2505    3.16740e+14
  2506    3.24946e+14
  2507    3.33368e+14
  2508    3.42011e+14
  2509    3.50882e+14
  2510    3.59986e+14
  2511    3.69330e+14
  2512    3.78921e+14
  2513    3.88763e+14
  2514    3.98866e+14
  2515    4.09235e+14
  2516    4.19877e+14
  2517    4.30801e+14
  2518    4.42012e+14
  2519    4.53520e+14
  2520    4.65332e+14
  2521    4.77456e+14
  2522    4.89901e+14
  2523    5.02675e+14
  2524    5.15787e+14
  2525    5.29246e+14
  2526    5.43061e+14
  2527    5.57243e+14
  2528    5.71800e+14
  2529    5.86743e+14
  2530    6.02082e+14
  2531    6.17828e+14
  2532    6.33993e+14
  2533    6.50586e+14
  2534    6.67620e+14
  2535    6.85107e+14
  2536    7.03058e+14
  2537    7.21486e+14
  2538    7.40405e+14
  2539    7.59827e+14
  2540    7.79766e+14
  2541    8.00236e+14
  2542    8.21251e+14
  2543    8.42826e+14
  2544    8.64977e+14
  2545    8.87717e+14
  2546    9.11065e+14
  2547    9.35035e+14
  2548    9.59645e+14
  2549    9.84913e+14
  2550    1.01086e+15
  2551    1.03749e+15
  2552    1.06484e+15
  2553    1.09292e+15
  2554    1.12175e+15
  2555    1.15135e+15
  2556    1.18174e+15
  2557    1.21295e+15
  2558    1.24500e+15
  2559    1.27790e+15
  2560    1.31169e+15
  2561    1.34638e+15
  2562    1.38200e+15
  2563    1.41858e+15
  2564    1.45614e+15
  2565    1.49471e+15
  2566    1.53431e+15
  2567    1.57498e+15
  2568    1.61675e+15
  2569    1.65963e+15
  2570    1.70367e+15
  2571    1.74890e+15
  2572    1.79535e+15
  2573    1.84304e+15
  2574    1.89202e+15
  2575    1.94232e+15
  2576    1.99398e+15
  2577    2.04703e+15
  2578    2.10151e+15
  2579    2.15746e+15
  2580    2.21493e+15
  2581    2.27395e+15
  2582    2.33456e+15
  2583    2.39681e+15
  2584    2.46074e+15
  2585    2.52640e+15
  2586    2.59384e+15
  2587    2.66311e+15
  2588    2.73425e+15
  2589    2.80732e+15
  2590    2.88237e+15
  2591    2.95945e+15
  2592    3.03863e+15
  2593    3.11995e+15
  2594    3.20348e+15
  2595    3.28928e+15
  2596    3.37740e+15
  2597    3.46793e+15
  2598    3.56091e+15
  2599    3.65642e+15
  2600    3.75453e+15
  2601    3.85531e+15
  2602    3.95883e+15
  2603    4.06517e+15
  2604    4.17440e+15
  2605    4.28662e+15
  2606    4.40189e+15
  2607    4.52030e+15
  2608    4.64195e+15
  2609    4.76691e+15
  2610    4.89529e+15
  2611    5.02717e+15
  2612    5.16265e+15
  2613    5.30183e+15
  2614    5.44482e+15
  2615    5.59172e+15
  2616    5.74264e+15
  2617    5.89769e+15
  2618    6.05698e+15
  2619    6.22063e+15
  2620    6.38877e+15
  2621    6.56152e+15
  2622    6.73900e+15
  2623    6.92134e+15
  2624    7.10869e+15
  2625    7.30118e+15
  2626    7.49896e+15
  2627    7.70216e+15
  2628    7.91095e+15
  2629    8.12548e+15
  2630    8.34590e+15
  2631    8.57239e+15
  2632    8.80511e+15
  2633    9.04423e+15
  2634    9.28993e+15
  2635    9.54240e+15
  2636    9.80183e+15
  2637    1.00684e+16
  2638    1.03423e+16
  2639    1.06238e+16
  2640    1.09131e+16
  2641    1.12103e+16
  2642    1.15157e+16
  2643    1.18296e+16
  2644    1.21521e+16
  2645    1.24836e+16
  2646    1.28242e+16
  2647    1.31742e+16
  2648    1.35340e+16
  2649    1.39036e+16
  2650    1.42836e+16
  2651    1.46740e+16
  2652    1.50752e+16
  2653    1.54876e+16
  2654    1.59114e+16
  2655    1.63470e+16
  2656    1.67946e+16
  2657    1.72547e+16
  2658    1.77275e+16
  2659    1.82135e+16
  2660    1.87130e+16
  2661    1.92264e+16
  2662    1.97540e+16
  2663    2.02963e+16
  2664    2.08537e+16
  2665    2.14266e+16
  2666    2.20155e+16
  2667    2.26207e+16
  2668    2.32428e+16
  2669    2.38823e+16
  2670    2.45396e+16
  2671    2.52152e+16
  2672    2.59097e+16
  2673    2.66236e+16
  2674    2.73574e+16
  2675    2.81116e+16
  2676    2.88870e+16
  2677    2.96840e+16
  2678    3.05033e+16
  2679    3.13456e+16
  2680    3.22114e+16
  2681    3.31014e+16
  2682    3.40163e+16
  2683    3.49569e+16
  2684    3.59238e+16
  2685    3.69178e+16
  2686    3.79397e+16
  2687    3.89903e+16
  2688    4.00703e+16
  2689    4.11806e+16
  2690    4.23222e+16
  2691    4.34957e+16
  2692    4.47023e+16
  2693    4.59427e+16
  2694    4.72181e+16
  2695    4.85293e+16
  2696    4.98774e+16
  2697    5.12634e+16
  2698    5.26884e+16
  2699    5.41536e+16
  2700    5.56601e+16
  2701    5.72090e+16
  2702    5.88016e+16
  2703    6.04391e+16
  2704    6.21229e+16
  2705    6.38541e+16
  2706    6.56342e+16
  2707    6.74646e+16
  2708    6.93467e+16
  2709    7.12820e+16
  2710    7.32720e+16
  2711    7.53182e+16
  2712    7.74224e+16
  2713    7.95861e+16
  2714    8.18111e+16
  2715    8.40991e+16
  2716    8.64519e+16
  2717    8.88714e+16
  2718    9.13594e+16
  2719    9.39181e+16
  2720    9.65493e+16
  2721    9.92552e+16
  2722    1.02038e+17
  2723    1.04900e+17
  2724    1.07843e+17
  2725    1.10869e+17
  2726    1.13982e+17
  2727    1.17183e+17
  2728    1.20476e+17
  2729    1.23862e+17
  2730    1.27344e+17
  2731    1.30925e+17
  2732    1.34609e+17
  2733    1.38398e+17
  2734    1.42294e+17
  2735    1.46302e+17
  2736    1.50424e+17
  2737    1.54663e+17
  2738    1.59024e+17
  2739    1.63509e+17
  2740    1.68122e+17
  2741    1.72867e+17
  2742    1.77748e+17
  2743    1.82768e+17
  2744    1.87932e+17
  2745    1.93244e+17
  2746    1.98707e+17
  2747    2.04327e+17
  2748    2.10108e+17
  2749    2.16055e+17
  2750    2.22172e+17
  2751    2.28465e+17
  2752    2.34938e+17
  2753    2.41596e+17
  2754    2.48446e+17
  2755    2.55493e+17
  2756    2.62742e+17
  2757    2.70199e+17
  2758    2.77870e+17
  2759    2.85763e+17
  2760    2.93882e+17
  2761    3.02234e+17
  2762    3.10827e+17
  2763    3.19668e+17
  2764    3.28763e+17
  2765    3.38120e+17
  2766    3.47746e+17
  2767    3.57651e+17
  2768    3.67840e+17
  2769    3.78324e+17
  2770    3.89111e+17
  2771    4.00208e+17
  2772    4.11627e+17
  2773    4.23375e+17
  2774    4.35462e+17
  2775    4.47899e+17
  2776    4.60696e+17
  2777    4.73862e+17
  2778    4.87410e+17
  2779    5.01350e+17
  2780    5.15694e+17
  2781    5.30453e+17
  2782    5.45639e+17
  2783    5.61266e+17
  2784    5.77346e+17
  2785    5.93893e+17
  2786    6.10919e+17
  2787    6.28440e+17
  2788    6.46469e+17
  2789    6.65023e+17
  2790    6.84115e+17
  2791    7.03762e+17
  2792    7.23980e+17
  2793    7.44786e+17
  2794    7.66198e+17
  2795    7.88232e+17
  2796    8.10908e+17
  2797    8.34245e+17
  2798    8.58261e+17
  2799    8.82978e+17
  2800    9.08415e+17
  2801    9.34593e+17
  2802    9.61536e+17
  2803    9.89264e+17
  2804    1.01780e+18
  2805    1.04717e+18
  2806    1.07740e+18
  2807    1.10852e+18
  2808    1.14054e+18
  2809    1.17350e+18
  2810    1.20742e+18
  2811    1.24233e+18
  2812    1.27827e+18
  2813    1.31526e+18
  2814    1.35333e+18
  2815    1.39252e+18
  2816    1.43286e+18
  2817    1.47438e+18
  2818    1.51711e+18
  2819    1.56110e+18
  2820    1.60639e+18
  2821    1.65300e+18
  2822    1.70098e+18
  2823    1.75037e+18
  2824    1.80121e+18
  2825    1.85354e+18
  2826    1.90742e+18
  2827    1.96288e+18
  2828    2.01997e+18
  2829    2.07874e+18
  2830    2.13924e+18
  2831    2.20153e+18
  2832    2.26565e+18
  2833    2.33166e+18
  2834    2.39962e+18
  2835    2.46958e+18
  2836    2.54160e+18
  2837    2.61575e+18
  2838    2.69209e+18
  2839    2.77069e+18
  2840    2.85161e+18
  2841    2.93492e+18
  2842    3.02069e+18
  2843    3.10900e+18
  2844    3.19992e+18
  2845    3.29353e+18
  2846    3.38991e+18
  2847    3.48915e+18
  2848    3.59132e+18
  2849    3.69653e+18
  2850    3.80485e+18
  2851    3.91638e+18
  2852    4.03123e+18
  2853    4.14948e+18
  2854    4.27124e+18
  2855    4.39662e+18
  2856    4.52572e+18
  2857    4.65865e+18
  2858    4.79554e+18
  2859    4.93649e+18
  2860    5.08164e+18
  2861    5.23111e+18
  2862    5.38502e+18
  2863    5.54352e+18
  2864    5.70674e+18
  2865    5.87482e+18
  2866    6.04791e+18
  2867    6.22616e+18
  2868    6.40972e+18
  2869    6.59876e+18
  2870    6.79344e+18
  2871    6.99393e+18
  2872    7.20040e+18
  2873    7.41305e+18
  2874    7.63205e+18
  2875    7.85759e+18
  2876    8.08988e+18
  2877    8.32911e+18
  2878    8.57550e+18
  2879    8.82927e+18
  2880    9.09063e+18
  2881    9.35982e+18
  2882    9.63707e+18
  2883    9.92263e+18
  2884    1.02168e+19
  2885    1.05197e+19
  2886    1.08317e+19
  2887    1.11531e+19
  2888    1.14842e+19
  2889    1.18251e+19
  2890    1.21764e+19
  2891    1.25381e+19
  2892    1.29108e+19
  2893    1.32946e+19
  2894    1.36900e+19
  2895    1.40973e+19
  2896    1.45168e+19
  2897    1.49490e+19
  2898    1.53942e+19
  2899    1.58528e+19
  2900    1.63252e+19
  2901    1.68119e+19
  2902    1.73132e+19
  2903    1.78297e+19
  2904    1.83617e+19
  2905    1.89098e+19
  2906    1.94745e+19
  2907    2.00562e+19
  2908    2.06555e+19
  2909    2.12729e+19
  2910    2.19089e+19
  2911    2.25642e+19
  2912    2.32393e+19
  2913    2.39349e+19
  2914    2.46515e+19
  2915    2.53898e+19
  2916    2.61504e+19
  2917    2.69342e+19
  2918    2.77416e+19
  2919    2.85736e+19
  2920    2.94308e+19
  2921    3.03140e+19
  2922    3.12240e+19
  2923    3.21616e+19
  2924    3.31277e+19
  2925    3.41231e+19
  2926    3.51488e+19
  2927    3.62057e+19
  2928    3.72948e+19
  2929    3.84169e+19
  2930    3.95732e+19
  2931    4.07647e+19
  2932    4.19925e+19
  2933    4.32577e+19
  2934    4.45614e+19
  2935    4.59048e+19
  2936    4.72893e+19
  2937    4.87159e+19
  2938    5.01861e+19
  2939    5.17011e+19
  2940    5.32624e+19
  2941    5.48713e+19
  2942    5.65294e+19
  2943    5.82382e+19
  2944    5.99992e+19
  2945    6.18141e+19
  2946    6.36844e+19
  2947    6.56120e+19
  2948    6.75986e+19
  2949    6.96460e+19
  2950    7.17561e+19
  2951    7.39309e+19
  2952    7.61723e+19
  2953    7.84824e+19
  2954    8.08634e+19
  2955    8.33174e+19
  2956    8.58467e+19
  2957    8.84536e+19
  2958    9.11406e+19
  2959    9.39101e+19
  2960    9.67647e+19
  2961    9.97071e+19
  2962    1.02740e+20
  2963    1.05866e+20
  2964    1.09088e+20
  2965    1.12410e+20
  2966    1.15833e+20
  2967    1.19362e+20
  2968    1.23000e+20
  2969    1.26750e+20
  2970    1.30615e+20
  2971    1.34600e+20
  2972    1.38708e+20
  2973    1.42942e+20
  2974    1.47307e+20
  2975    1.51807e+20
  2976    1.56445e+20
  2977    1.61227e+20
  2978    1.66157e+20
  2979    1.71239e+20
  2980    1.76478e+20
  2981    1.81880e+20
  2982    1.87448e+20
  2983    1.93189e+20
  2984    1.99108e+20
  2985    2.05210e+20
  2986    2.11501e+20
  2987    2.17986e+20
  2988    2.24673e+20
  2989    2.31568e+20
  2990    2.38676e+20
  2991    2.46005e+20
  2992    2.53561e+20
  2993    2.61352e+20
  2994    2.69385e+20
  2995    2.77667e+20
  2996    2.86207e+20
  2997    2.95012e+20
  2998    3.04091e+20
  2999    3.13453e+20
  3000    3.23106e+20
